AdjacencyGraph
6600
12200
0
10
20
22
24
34
36
46
48
58
60
70
72
82
84
94
96
106
108
118
120
130
132
142
144
154
156
166
168
178
180
190
192
202
204
214
216
226
228
238
240
250
260
262
264
274
276
286
288
298
300
310
312
322
324
334
336
346
348
358
360
370
372
382
384
394
396
406
408
418
420
430
432
442
444
454
456
466
468
478
480
490
500
502
504
514
516
526
528
538
540
550
552
562
564
574
576
586
588
598
600
610
612
622
624
634
636
646
648
658
660
670
672
682
684
694
696
706
708
718
720
730
740
742
744
754
756
766
768
778
780
790
792
802
804
814
816
826
828
838
840
850
852
862
864
874
876
886
888
898
900
910
912
922
924
934
936
946
948
958
960
970
980
982
984
994
996
1006
1008
1018
1020
1030
1032
1042
1044
1054
1056
1066
1068
1078
1080
1090
1092
1102
1104
1114
1116
1126
1128
1138
1140
1150
1152
1162
1164
1174
1176
1186
1188
1198
1200
1210
1220
1222
1224
1234
1236
1246
1248
1258
1260
1270
1272
1282
1284
1294
1296
1306
1308
1318
1320
1330
1332
1342
1344
1354
1356
1366
1368
1378
1380
1390
1392
1402
1404
1414
1416
1426
1428
1438
1440
1450
1460
1462
1464
1474
1476
1486
1488
1498
1500
1510
1512
1522
1524
1534
1536
1546
1548
1558
1560
1570
1572
1582
1584
1594
1596
1606
1608
1618
1620
1630
1632
1642
1644
1654
1656
1666
1668
1678
1680
1690
1700
1702
1704
1714
1716
1726
1728
1738
1740
1750
1752
1762
1764
1774
1776
1786
1788
1798
1800
1810
1812
1822
1824
1834
1836
1846
1848
1858
1860
1870
1872
1882
1884
1894
1896
1906
1908
1918
1920
1930
1940
1942
1944
1954
1956
1966
1968
1978
1980
1990
1992
2002
2004
2014
2016
2026
2028
2038
2040
2050
2052
2062
2064
2074
2076
2086
2088
2098
2100
2110
2112
2122
2124
2134
2136
2146
2148
2158
2160
2170
2180
2182
2184
2194
2196
2206
2208
2218
2220
2230
2232
2242
2244
2254
2256
2266
2268
2278
2280
2290
2292
2302
2304
2314
2316
2326
2328
2338
2340
2350
2352
2362
2364
2374
2376
2386
2388
2398
2400
2402
2404
2406
2408
2410
2412
2414
2416
2418
2420
2422
2424
2426
2428
2430
2432
2434
2436
2438
2440
2442
2444
2446
2448
2450
2452
2454
2456
2458
2460
2462
2464
2466
2468
2470
2472
2474
2476
2478
2480
2482
2484
2486
2488
2490
2492
2494
2496
2498
2500
2502
2504
2506
2508
2510
2512
2514
2516
2518
2520
2522
2524
2526
2528
2530
2532
2534
2536
2538
2540
2542
2544
2546
2548
2550
2552
2554
2556
2558
2560
2562
2564
2566
2568
2570
2572
2574
2576
2578
2580
2582
2584
2586
2588
2590
2592
2594
2596
2598
2600
2602
2604
2606
2608
2610
2612
2614
2616
2618
2620
2622
2624
2626
2628
2630
2632
2634
2636
2638
2640
2642
2644
2646
2648
2650
2652
2654
2656
2658
2660
2662
2664
2666
2668
2670
2672
2674
2676
2678
2680
2682
2684
2686
2688
2690
2692
2694
2696
2698
2700
2702
2704
2706
2708
2710
2712
2714
2716
2718
2720
2722
2724
2726
2728
2730
2732
2734
2736
2738
2740
2742
2744
2746
2748
2750
2752
2754
2756
2758
2760
2762
2764
2766
2768
2770
2772
2774
2776
2778
2780
2782
2784
2786
2788
2790
2792
2794
2796
2798
2800
2802
2804
2806
2808
2810
2812
2814
2816
2818
2820
2822
2824
2826
2828
2830
2832
2834
2836
2838
2840
2842
2844
2846
2848
2850
2852
2854
2856
2858
2860
2862
2864
2866
2868
2870
2872
2874
2876
2878
2880
2882
2884
2886
2888
2890
2892
2894
2896
2898
2900
2902
2904
2906
2908
2910
2912
2914
2916
2918
2920
2922
2924
2926
2928
2930
2932
2934
2936
2938
2940
2942
2944
2946
2948
2950
2952
2954
2956
2958
2960
2962
2964
2966
2968
2970
2972
2974
2976
2978
2980
2982
2984
2986
2988
2990
2992
2994
2996
2998
3000
3002
3004
3006
3008
3010
3012
3014
3016
3018
3020
3022
3024
3026
3028
3030
3032
3034
3036
3038
3040
3042
3044
3046
3048
3050
3052
3054
3056
3058
3060
3062
3064
3066
3068
3070
3072
3074
3076
3078
3080
3082
3084
3086
3088
3090
3092
3094
3096
3098
3100
3102
3104
3106
3108
3110
3112
3114
3116
3118
3120
3122
3124
3126
3128
3130
3132
3134
3136
3138
3140
3142
3144
3146
3148
3150
3152
3154
3156
3158
3160
3162
3164
3166
3168
3170
3172
3174
3176
3178
3180
3182
3184
3186
3188
3190
3192
3194
3196
3198
3200
3202
3204
3206
3208
3210
3212
3214
3216
3218
3220
3222
3224
3226
3228
3230
3232
3234
3236
3238
3240
3242
3244
3246
3248
3250
3252
3254
3256
3258
3260
3262
3264
3266
3268
3270
3272
3274
3276
3278
3280
3282
3284
3286
3288
3290
3292
3294
3296
3298
3300
3302
3304
3306
3308
3310
3312
3314
3316
3318
3320
3322
3324
3326
3328
3330
3332
3334
3336
3338
3340
3342
3344
3346
3348
3350
3352
3354
3356
3358
3360
3362
3364
3366
3368
3370
3372
3374
3376
3378
3380
3382
3384
3386
3388
3390
3392
3394
3396
3398
3400
3402
3404
3406
3408
3410
3412
3414
3416
3418
3420
3422
3424
3426
3428
3430
3432
3434
3436
3438
3440
3442
3444
3446
3448
3450
3452
3454
3456
3458
3460
3462
3464
3466
3468
3470
3472
3474
3476
3478
3480
3482
3484
3486
3488
3490
3492
3494
3496
3498
3500
3502
3504
3506
3508
3510
3512
3514
3516
3518
3520
3522
3524
3526
3528
3530
3532
3534
3536
3538
3540
3542
3544
3546
3548
3550
3552
3554
3556
3558
3560
3562
3564
3566
3568
3570
3572
3574
3576
3578
3580
3582
3584
3586
3588
3590
3592
3594
3596
3598
3600
3602
3604
3606
3608
3610
3612
3614
3616
3618
3620
3622
3624
3626
3628
3630
3632
3634
3636
3638
3640
3642
3644
3646
3648
3650
3652
3654
3656
3658
3660
3662
3664
3666
3668
3670
3672
3674
3676
3678
3680
3682
3684
3686
3688
3690
3692
3694
3696
3698
3700
3702
3704
3706
3708
3710
3712
3714
3716
3718
3720
3722
3724
3726
3728
3730
3732
3734
3736
3738
3740
3742
3744
3746
3748
3750
3752
3754
3756
3758
3760
3762
3764
3766
3768
3770
3772
3774
3776
3778
3780
3782
3784
3786
3788
3790
3792
3794
3796
3798
3800
3802
3804
3806
3808
3810
3812
3814
3816
3818
3820
3822
3824
3826
3828
3830
3832
3834
3836
3838
3840
3842
3844
3846
3848
3850
3852
3854
3856
3858
3860
3862
3864
3866
3868
3870
3872
3874
3876
3878
3880
3882
3884
3886
3888
3890
3892
3894
3896
3898
3900
3902
3904
3906
3908
3910
3912
3914
3916
3918
3920
3922
3924
3926
3928
3930
3932
3934
3936
3938
3940
3942
3944
3946
3948
3950
3952
3954
3956
3958
3960
3962
3964
3966
3968
3970
3972
3974
3976
3978
3980
3982
3984
3986
3988
3990
3992
3994
3996
3998
4000
4002
4004
4006
4008
4010
4012
4014
4016
4018
4020
4022
4024
4026
4028
4030
4032
4034
4036
4038
4040
4042
4044
4046
4048
4050
4052
4054
4056
4058
4060
4062
4064
4066
4068
4070
4072
4074
4076
4078
4080
4082
4084
4086
4088
4090
4092
4094
4096
4098
4100
4102
4104
4106
4108
4110
4112
4114
4116
4118
4120
4122
4124
4126
4128
4130
4132
4134
4136
4138
4140
4142
4144
4146
4148
4150
4152
4154
4156
4158
4160
4162
4164
4166
4168
4170
4172
4174
4176
4178
4180
4182
4184
4186
4188
4190
4192
4194
4196
4198
4200
4202
4204
4206
4208
4210
4212
4214
4216
4218
4220
4222
4224
4226
4228
4230
4232
4234
4236
4238
4240
4242
4244
4246
4248
4250
4252
4254
4256
4258
4260
4262
4264
4266
4268
4270
4272
4274
4276
4278
4280
4282
4284
4286
4288
4290
4292
4294
4296
4298
4300
4302
4304
4306
4308
4310
4312
4314
4316
4318
4320
4322
4324
4326
4328
4330
4332
4334
4336
4338
4340
4342
4344
4346
4348
4350
4352
4354
4356
4358
4360
4362
4364
4366
4368
4370
4372
4374
4376
4378
4380
4382
4384
4386
4388
4390
4392
4394
4396
4398
4400
4402
4403
4405
4406
4408
4409
4411
4412
4414
4415
4417
4418
4420
4421
4423
4424
4426
4427
4429
4430
4432
4433
4435
4436
4438
4439
4441
4442
4444
4445
4447
4448
4450
4451
4453
4454
4456
4457
4459
4460
4462
4463
4465
4466
4468
4469
4471
4472
4474
4475
4477
4478
4480
4481
4483
4484
4486
4487
4489
4490
4492
4493
4495
4496
4498
4499
4501
4502
4504
4505
4507
4508
4510
4511
4513
4514
4516
4517
4519
4520
4522
4523
4525
4526
4528
4529
4531
4532
4534
4535
4537
4538
4540
4541
4543
4544
4546
4547
4549
4550
4552
4553
4555
4556
4558
4559
4561
4562
4564
4565
4567
4568
4570
4571
4573
4574
4576
4577
4579
4580
4582
4583
4585
4586
4588
4589
4591
4592
4594
4595
4597
4598
4600
4601
4603
4604
4606
4607
4609
4610
4612
4613
4615
4616
4618
4619
4621
4622
4624
4625
4627
4628
4630
4631
4633
4634
4636
4637
4639
4640
4642
4643
4645
4646
4648
4649
4651
4652
4654
4655
4657
4658
4660
4661
4663
4664
4666
4667
4669
4670
4672
4673
4675
4676
4678
4679
4681
4682
4684
4685
4687
4688
4690
4691
4693
4694
4696
4697
4699
4700
4701
4702
4703
4704
4705
4706
4707
4708
4709
4710
4711
4712
4713
4714
4715
4716
4717
4718
4719
4720
4722
4724
4726
4728
4730
4732
4734
4736
4738
4740
4742
4743
4745
4746
4748
4749
4751
4752
4754
4755
4757
4758
4760
4761
4763
4764
4766
4767
4769
4770
4772
4774
4775
4777
4779
4780
4782
4784
4785
4787
4789
4790
4792
4794
4795
4797
4799
4800
4802
4804
4805
4807
4809
4810
4812
4814
4815
4817
4819
4820
4821
4822
4823
4824
4825
4826
4827
4828
4829
4830
4832
4833
4834
4836
4837
4838
4840
4841
4842
4844
4845
4846
4848
4849
4850
4852
4853
4854
4856
4857
4858
4860
4861
4862
4864
4865
4866
4868
4869
4870
4872
4874
4876
4877
4879
4881
4883
4884
4886
4888
4890
4891
4893
4895
4897
4898
4900
4902
4904
4905
4907
4909
4911
4912
4914
4916
4918
4919
4921
4923
4925
4926
4928
4930
4932
4933
4935
4937
4939
4940
4942
4943
4945
4946
4948
4949
4951
4952
4954
4955
4957
4958
4960
4961
4963
4964
4966
4967
4969
4970
4972
4973
4975
4976
4978
4979
4981
4982
4984
4985
4987
4988
4990
4991
4993
4994
4996
4997
4999
5000
5002
5004
5006
5007
5009
5010
5012
5014
5016
5017
5019
5020
5022
5024
5026
5027
5029
5030
5032
5034
5036
5037
5039
5040
5042
5044
5046
5047
5049
5050
5052
5054
5056
5057
5059
5060
5062
5064
5066
5067
5069
5070
5072
5074
5076
5077
5079
5080
5082
5084
5086
5087
5089
5090
5092
5094
5096
5097
5099
5100
5101
5102
5103
5104
5105
5106
5107
5108
5109
5110
5112
5113
5115
5116
5117
5119
5120
5122
5123
5124
5126
5127
5129
5130
5131
5133
5134
5136
5137
5138
5140
5141
5143
5144
5145
5147
5148
5150
5151
5152
5154
5155
5157
5158
5159
5161
5162
5164
5165
5166
5168
5169
5171
5172
5173
5175
5176
5178
5179
5180
5182
5184
5186
5187
5189
5191
5192
5194
5196
5198
5199
5201
5203
5204
5206
5208
5210
5211
5213
5215
5216
5218
5220
5222
5223
5225
5227
5228
5230
5232
5234
5235
5237
5239
5240
5242
5244
5246
5247
5249
5251
5252
5254
5256
5258
5259
5261
5263
5264
5266
5268
5270
5271
5273
5275
5276
5278
5280
5282
5283
5285
5287
5288
5290
5292
5294
5295
5297
5299
5300
5302
5303
5305
5306
5308
5309
5311
5312
5314
5315
5317
5318
5320
5321
5323
5324
5326
5327
5329
5330
5332
5333
5335
5336
5338
5339
5341
5342
5344
5345
5347
5348
5350
5351
5353
5354
5356
5357
5359
5360
5362
5363
5365
5366
5368
5369
5371
5372
5374
5375
5377
5378
5380
5381
5383
5384
5386
5387
5389
5390
5392
5394
5396
5397
5399
5401
5402
5404
5405
5407
5409
5411
5412
5414
5416
5417
5419
5420
5422
5424
5426
5427
5429
5431
5432
5434
5435
5437
5439
5441
5442
5444
5446
5447
5449
5450
5452
5454
5456
5457
5459
5461
5462
5464
5465
5467
5469
5471
5472
5474
5476
5477
5479
5480
5482
5484
5486
5487
5489
5491
5492
5494
5495
5497
5499
5501
5502
5504
5506
5507
5509
5510
5512
5514
5516
5517
5519
5521
5522
5524
5525
5527
5529
5531
5532
5534
5536
5537
5539
5540
5541
5542
5543
5544
5545
5546
5547
5548
5549
5550
5552
5553
5555
5556
5558
5559
5560
5562
5563
5565
5566
5568
5569
5570
5572
5573
5575
5576
5578
5579
5580
5582
5583
5585
5586
5588
5589
5590
5592
5593
5595
5596
5598
5599
5600
5602
5603
5605
5606
5608
5609
5610
5612
5613
5615
5616
5618
5619
5620
5622
5623
5625
5626
5628
5629
5630
5632
5633
5635
5636
5638
5639
5640
5642
5643
5645
5646
5648
5649
5650
5652
5654
5656
5657
5659
5661
5662
5664
5666
5667
5669
5671
5673
5674
5676
5678
5679
5681
5683
5684
5686
5688
5690
5691
5693
5695
5696
5698
5700
5701
5703
5705
5707
5708
5710
5712
5713
5715
5717
5718
5720
5722
5724
5725
5727
5729
5730
5732
5734
5735
5737
5739
5741
5742
5744
5746
5747
5749
5751
5752
5754
5756
5758
5759
5761
5763
5764
5766
5768
5769
5771
5773
5775
5776
5778
5780
5781
5783
5785
5786
5788
5790
5792
5793
5795
5797
5798
5800
5802
5803
5805
5807
5809
5810
5812
5814
5815
5817
5819
5820
5822
5823
5825
5826
5828
5829
5831
5832
5834
5835
5837
5838
5840
5841
5843
5844
5846
5847
5849
5850
5852
5853
5855
5856
5858
5859
5861
5862
5864
5865
5867
5868
5870
5871
5873
5874
5876
5877
5879
5880
5882
5883
5885
5886
5888
5889
5891
5892
5894
5895
5897
5898
5900
5901
5903
5904
5906
5907
5909
5910
5912
5913
5915
5916
5918
5919
5921
5922
5924
5925
5927
5928
5930
5931
5933
5934
5936
5937
5939
5940
5942
5944
5946
5947
5949
5951
5952
5954
5956
5957
5959
5960
5962
5964
5966
5967
5969
5971
5972
5974
5976
5977
5979
5980
5982
5984
5986
5987
5989
5991
5992
5994
5996
5997
5999
6000
6002
6004
6006
6007
6009
6011
6012
6014
6016
6017
6019
6020
6022
6024
6026
6027
6029
6031
6032
6034
6036
6037
6039
6040
6042
6044
6046
6047
6049
6051
6052
6054
6056
6057
6059
6060
6062
6064
6066
6067
6069
6071
6072
6074
6076
6077
6079
6080
6082
6084
6086
6087
6089
6091
6092
6094
6096
6097
6099
6100
6102
6104
6106
6107
6109
6111
6112
6114
6116
6117
6119
6120
6122
6124
6126
6127
6129
6131
6132
6134
6136
6137
6139
6140
6141
6142
6143
6144
6145
6146
6147
6148
6149
6150
6152
6153
6155
6156
6158
6159
6161
6162
6163
6165
6166
6168
6169
6171
6172
6174
6175
6176
6178
6179
6181
6182
6184
6185
6187
6188
6189
6191
6192
6194
6195
6197
6198
6200
6201
6202
6204
6205
6207
6208
6210
6211
6213
6214
6215
6217
6218
6220
6221
6223
6224
6226
6227
6228
6230
6231
6233
6234
6236
6237
6239
6240
6241
6243
6244
6246
6247
6249
6250
6252
6253
6254
6256
6257
6259
6260
6262
6263
6265
6266
6267
6269
6270
6272
6273
6275
6276
6278
6279
6280
6282
6284
6286
6287
6289
6291
6292
6294
6296
6297
6299
6301
6302
6304
6306
6308
6309
6311
6313
6314
6316
6318
6319
6321
6323
6324
6326
6328
6330
6331
6333
6335
6336
6338
6340
6341
6343
6345
6346
6348
6350
6352
6353
6355
6357
6358
6360
6362
6363
6365
6367
6368
6370
6372
6374
6375
6377
6379
6380
6382
6384
6385
6387
6389
6390
6392
6394
6396
6397
6399
6401
6402
6404
6406
6407
6409
6411
6412
6414
6416
6418
6419
6421
6423
6424
6426
6428
6429
6431
6433
6434
6436
6438
6440
6441
6443
6445
6446
6448
6450
6451
6453
6455
6456
6458
6460
6462
6463
6465
6467
6468
6470
6472
6473
6475
6477
6478
6480
6482
6484
6485
6487
6489
6490
6492
6494
6495
6497
6499
6500
6502
6503
6505
6506
6508
6509
6511
6512
6514
6515
6517
6518
6520
6521
6523
6524
6526
6527
6529
6530
6532
6533
6535
6536
6538
6539
6541
6542
6544
6545
6547
6548
6550
6551
6553
6554
6556
6557
6559
6560
6562
6563
6565
6566
6568
6569
6571
6572
6574
6575
6577
6578
6580
6581
6583
6584
6586
6587
6589
6590
6592
6593
6595
6596
6598
6599
6601
6602
6604
6605
6607
6608
6610
6611
6613
6614
6616
6617
6619
6620
6622
6623
6625
6626
6628
6629
6631
6632
6634
6635
6637
6638
6640
6641
6643
6644
6646
6647
6649
6650
6652
6654
6656
6657
6659
6661
6662
6664
6666
6667
6669
6671
6672
6674
6675
6677
6679
6681
6682
6684
6686
6687
6689
6691
6692
6694
6696
6697
6699
6700
6702
6704
6706
6707
6709
6711
6712
6714
6716
6717
6719
6721
6722
6724
6725
6727
6729
6731
6732
6734
6736
6737
6739
6741
6742
6744
6746
6747
6749
6750
6752
6754
6756
6757
6759
6761
6762
6764
6766
6767
6769
6771
6772
6774
6775
6777
6779
6781
6782
6784
6786
6787
6789
6791
6792
6794
6796
6797
6799
6800
6802
6804
6806
6807
6809
6811
6812
6814
6816
6817
6819
6821
6822
6824
6825
6827
6829
6831
6832
6834
6836
6837
6839
6841
6842
6844
6846
6847
6849
6850
6852
6854
6856
6857
6859
6861
6862
6864
6866
6867
6869
6871
6872
6874
6875
6877
6879
6881
6882
6884
6886
6887
6889
6891
6892
6894
6896
6897
6899
6900
6901
6902
6903
6904
6905
6906
6907
6908
6909
6910
6912
6913
6915
6916
6918
6919
6921
6922
6924
6925
6926
6928
6929
6931
6932
6934
6935
6937
6938
6940
6941
6942
6944
6945
6947
6948
6950
6951
6953
6954
6956
6957
6958
6960
6961
6963
6964
6966
6967
6969
6970
6972
6973
6974
6976
6977
6979
6980
6982
6983
6985
6986
6988
6989
6990
6992
6993
6995
6996
6998
6999
7001
7002
7004
7005
7006
7008
7009
7011
7012
7014
7015
7017
7018
7020
7021
7022
7024
7025
7027
7028
7030
7031
7033
7034
7036
7037
7038
7040
7041
7043
7044
7046
7047
7049
7050
7052
7053
7054
7056
7057
7059
7060
7062
7063
7065
7066
7068
7069
7070
7072
7074
7076
7077
7079
7081
7082
7084
7086
7087
7089
7091
7092
7094
7096
7098
7099
7101
7103
7104
7106
7108
7109
7111
7113
7114
7116
7118
7120
7121
7123
7125
7126
7128
7130
7131
7133
7135
7136
7138
7140
7142
7143
7145
7147
7148
7150
7152
7153
7155
7157
7158
7160
7162
7164
7165
7167
7169
7170
7172
7174
7175
7177
7179
7180
7182
7184
7186
7187
7189
7191
7192
7194
7196
7197
7199
7201
7202
7204
7206
7208
7209
7211
7213
7214
7216
7218
7219
7221
7223
7224
7226
7228
7230
7231
7233
7235
7236
7238
7240
7241
7243
7245
7246
7248
7250
7252
7253
7255
7257
7258
7260
7262
7263
7265
7267
7268
7270
7272
7274
7275
7277
7279
7280
7282
7284
7285
7287
7289
7290
7292
7293
7295
7296
7298
7299
7301
7302
7304
7305
7307
7308
7310
7311
7313
7314
7316
7317
7319
7320
7322
7323
7325
7326
7328
7329
7331
7332
7334
7335
7337
7338
7340
7341
7343
7344
7346
7347
7349
7350
7352
7353
7355
7356
7358
7359
7361
7362
7364
7365
7367
7368
7370
7371
7373
7374
7376
7377
7379
7380
7382
7383
7385
7386
7388
7389
7391
7392
7394
7395
7397
7398
7400
7401
7403
7404
7406
7407
7409
7410
7412
7413
7415
7416
7418
7419
7421
7422
7424
7425
7427
7428
7430
7431
7433
7434
7436
7437
7439
7440
7442
7444
7446
7447
7449
7451
7452
7454
7456
7457
7459
7461
7462
7464
7465
7467
7469
7471
7472
7474
7476
7477
7479
7481
7482
7484
7486
7487
7489
7490
7492
7494
7496
7497
7499
7501
7502
7504
7506
7507
7509
7511
7512
7514
7515
7517
7519
7521
7522
7524
7526
7527
7529
7531
7532
7534
7536
7537
7539
7540
7542
7544
7546
7547
7549
7551
7552
7554
7556
7557
7559
7561
7562
7564
7565
7567
7569
7571
7572
7574
7576
7577
7579
7581
7582
7584
7586
7587
7589
7590
7592
7594
7596
7597
7599
7601
7602
7604
7606
7607
7609
7611
7612
7614
7615
7617
7619
7621
7622
7624
7626
7627
7629
7631
7632
7634
7636
7637
7639
7640
7642
7644
7646
7647
7649
7651
7652
7654
7656
7657
7659
7661
7662
7664
7665
7667
7669
7671
7672
7674
7676
7677
7679
7681
7682
7684
7686
7687
7689
7690
7691
7692
7693
7694
7695
7696
7697
7698
7699
7700
7702
7703
7705
7706
7708
7709
7711
7712
7714
7715
7716
7718
7719
7721
7722
7724
7725
7727
7728
7730
7731
7732
7734
7735
7737
7738
7740
7741
7743
7744
7746
7747
7748
7750
7751
7753
7754
7756
7757
7759
7760
7762
7763
7764
7766
7767
7769
7770
7772
7773
7775
7776
7778
7779
7780
7782
7783
7785
7786
7788
7789
7791
7792
7794
7795
7796
7798
7799
7801
7802
7804
7805
7807
7808
7810
7811
7812
7814
7815
7817
7818
7820
7821
7823
7824
7826
7827
7828
7830
7831
7833
7834
7836
7837
7839
7840
7842
7843
7844
7846
7847
7849
7850
7852
7853
7855
7856
7858
7859
7860
7862
7864
7866
7867
7869
7871
7872
7874
7876
7877
7879
7881
7882
7884
7886
7888
7889
7891
7893
7894
7896
7898
7899
7901
7903
7904
7906
7908
7910
7911
7913
7915
7916
7918
7920
7921
7923
7925
7926
7928
7930
7932
7933
7935
7937
7938
7940
7942
7943
7945
7947
7948
7950
7952
7954
7955
7957
7959
7960
7962
7964
7965
7967
7969
7970
7972
7974
7976
7977
7979
7981
7982
7984
7986
7987
7989
7991
7992
7994
7996
7998
7999
8001
8003
8004
8006
8008
8009
8011
8013
8014
8016
8018
8020
8021
8023
8025
8026
8028
8030
8031
8033
8035
8036
8038
8040
8042
8043
8045
8047
8048
8050
8052
8053
8055
8057
8058
8060
8062
8064
8065
8067
8069
8070
8072
8074
8075
8077
8079
8080
8082
8083
8085
8086
8088
8089
8091
8092
8094
8095
8097
8098
8100
8101
8103
8104
8106
8107
8109
8110
8112
8113
8115
8116
8118
8119
8121
8122
8124
8125
8127
8128
8130
8131
8133
8134
8136
8137
8139
8140
8142
8143
8145
8146
8148
8149
8151
8152
8154
8155
8157
8158
8160
8161
8163
8164
8166
8167
8169
8170
8172
8173
8175
8176
8178
8179
8181
8182
8184
8185
8187
8188
8190
8191
8193
8194
8196
8197
8199
8200
8202
8203
8205
8206
8208
8209
8211
8212
8214
8215
8217
8218
8220
8221
8223
8224
8226
8227
8229
8230
8232
8234
8236
8237
8239
8241
8242
8244
8246
8247
8249
8251
8252
8254
8255
8257
8259
8261
8262
8264
8266
8267
8269
8271
8272
8274
8276
8277
8279
8280
8282
8284
8286
8287
8289
8291
8292
8294
8296
8297
8299
8301
8302
8304
8305
8307
8309
8311
8312
8314
8316
8317
8319
8321
8322
8324
8326
8327
8329
8330
8332
8334
8336
8337
8339
8341
8342
8344
8346
8347
8349
8351
8352
8354
8355
8357
8359
8361
8362
8364
8366
8367
8369
8371
8372
8374
8376
8377
8379
8380
8382
8384
8386
8387
8389
8391
8392
8394
8396
8397
8399
8401
8402
8404
8405
8407
8409
8411
8412
8414
8416
8417
8419
8421
8422
8424
8426
8427
8429
8430
8432
8434
8436
8437
8439
8441
8442
8444
8446
8447
8449
8451
8452
8454
8455
8457
8459
8461
8462
8464
8466
8467
8469
8471
8472
8474
8476
8477
8479
8480
8481
8482
8483
8484
8485
8486
8487
8488
8489
8490
8492
8493
8495
8496
8498
8499
8501
8502
8504
8505
8506
8508
8509
8511
8512
8514
8515
8517
8518
8520
8521
8522
8524
8525
8527
8528
8530
8531
8533
8534
8536
8537
8538
8540
8541
8543
8544
8546
8547
8549
8550
8552
8553
8554
8556
8557
8559
8560
8562
8563
8565
8566
8568
8569
8570
8572
8573
8575
8576
8578
8579
8581
8582
8584
8585
8586
8588
8589
8591
8592
8594
8595
8597
8598
8600
8601
8602
8604
8605
8607
8608
8610
8611
8613
8614
8616
8617
8618
8620
8621
8623
8624
8626
8627
8629
8630
8632
8633
8634
8636
8637
8639
8640
8642
8643
8645
8646
8648
8649
8650
8652
8654
8656
8657
8659
8661
8662
8664
8666
8667
8669
8671
8672
8674
8676
8678
8679
8681
8683
8684
8686
8688
8689
8691
8693
8694
8696
8698
8700
8701
8703
8705
8706
8708
8710
8711
8713
8715
8716
8718
8720
8722
8723
8725
8727
8728
8730
8732
8733
8735
8737
8738
8740
8742
8744
8745
8747
8749
8750
8752
8754
8755
8757
8759
8760
8762
8764
8766
8767
8769
8771
8772
8774
8776
8777
8779
8781
8782
8784
8786
8788
8789
8791
8793
8794
8796
8798
8799
8801
8803
8804
8806
8808
8810
8811
8813
8815
8816
8818
8820
8821
8823
8825
8826
8828
8830
8832
8833
8835
8837
8838
8840
8842
8843
8845
8847
8848
8850
8852
8854
8855
8857
8859
8860
8862
8864
8865
8867
8869
8870
8872
8873
8875
8876
8878
8879
8881
8882
8884
8885
8887
8888
8890
8891
8893
8894
8896
8897
8899
8900
8902
8903
8905
8906
8908
8909
8911
8912
8914
8915
8917
8918
8920
8921
8923
8924
8926
8927
8929
8930
8932
8933
8935
8936
8938
8939
8941
8942
8944
8945
8947
8948
8950
8951
8953
8954
8956
8957
8959
8960
8962
8963
8965
8966
8968
8969
8971
8972
8974
8975
8977
8978
8980
8981
8983
8984
8986
8987
8989
8990
8992
8993
8995
8996
8998
8999
9001
9002
9004
9005
9007
9008
9010
9011
9013
9014
9016
9017
9019
9020
9022
9024
9026
9027
9029
9031
9032
9034
9036
9037
9039
9041
9042
9044
9045
9047
9049
9051
9052
9054
9056
9057
9059
9061
9062
9064
9066
9067
9069
9070
9072
9074
9076
9077
9079
9081
9082
9084
9086
9087
9089
9091
9092
9094
9095
9097
9099
9101
9102
9104
9106
9107
9109
9111
9112
9114
9116
9117
9119
9120
9122
9124
9126
9127
9129
9131
9132
9134
9136
9137
9139
9141
9142
9144
9145
9147
9149
9151
9152
9154
9156
9157
9159
9161
9162
9164
9166
9167
9169
9170
9172
9174
9176
9177
9179
9181
9182
9184
9186
9187
9189
9191
9192
9194
9195
9197
9199
9201
9202
9204
9206
9207
9209
9211
9212
9214
9216
9217
9219
9220
9222
9224
9226
9227
9229
9231
9232
9234
9236
9237
9239
9241
9242
9244
9245
9247
9249
9251
9252
9254
9256
9257
9259
9261
9262
9264
9266
9267
9269
9270
9271
9272
9273
9274
9275
9276
9277
9278
9279
9280
9282
9283
9285
9286
9288
9289
9291
9292
9294
9295
9296
9298
9299
9301
9302
9304
9305
9307
9308
9310
9311
9312
9314
9315
9317
9318
9320
9321
9323
9324
9326
9327
9328
9330
9331
9333
9334
9336
9337
9339
9340
9342
9343
9344
9346
9347
9349
9350
9352
9353
9355
9356
9358
9359
9360
9362
9363
9365
9366
9368
9369
9371
9372
9374
9375
9376
9378
9379
9381
9382
9384
9385
9387
9388
9390
9391
9392
9394
9395
9397
9398
9400
9401
9403
9404
9406
9407
9408
9410
9411
9413
9414
9416
9417
9419
9420
9422
9423
9424
9426
9427
9429
9430
9432
9433
9435
9436
9438
9439
9440
9442
9444
9446
9447
9449
9451
9452
9454
9456
9457
9459
9461
9462
9464
9466
9468
9469
9471
9473
9474
9476
9478
9479
9481
9483
9484
9486
9488
9490
9491
9493
9495
9496
9498
9500
9501
9503
9505
9506
9508
9510
9512
9513
9515
9517
9518
9520
9522
9523
9525
9527
9528
9530
9532
9534
9535
9537
9539
9540
9542
9544
9545
9547
9549
9550
9552
9554
9556
9557
9559
9561
9562
9564
9566
9567
9569
9571
9572
9574
9576
9578
9579
9581
9583
9584
9586
9588
9589
9591
9593
9594
9596
9598
9600
9601
9603
9605
9606
9608
9610
9611
9613
9615
9616
9618
9620
9622
9623
9625
9627
9628
9630
9632
9633
9635
9637
9638
9640
9642
9644
9645
9647
9649
9650
9652
9654
9655
9657
9659
9660
9662
9663
9665
9666
9668
9669
9671
9672
9674
9675
9677
9678
9680
9681
9683
9684
9686
9687
9689
9690
9692
9693
9695
9696
9698
9699
9701
9702
9704
9705
9707
9708
9710
9711
9713
9714
9716
9717
9719
9720
9722
9723
9725
9726
9728
9729
9731
9732
9734
9735
9737
9738
9740
9741
9743
9744
9746
9747
9749
9750
9752
9753
9755
9756
9758
9759
9761
9762
9764
9765
9767
9768
9770
9771
9773
9774
9776
9777
9779
9780
9782
9783
9785
9786
9788
9789
9791
9792
9794
9795
9797
9798
9800
9801
9803
9804
9806
9807
9809
9810
9812
9814
9816
9817
9819
9821
9822
9824
9826
9827
9829
9831
9832
9834
9835
9837
9839
9841
9842
9844
9846
9847
9849
9851
9852
9854
9856
9857
9859
9860
9862
9864
9866
9867
9869
9871
9872
9874
9876
9877
9879
9881
9882
9884
9885
9887
9889
9891
9892
9894
9896
9897
9899
9901
9902
9904
9906
9907
9909
9910
9912
9914
9916
9917
9919
9921
9922
9924
9926
9927
9929
9931
9932
9934
9935
9937
9939
9941
9942
9944
9946
9947
9949
9951
9952
9954
9956
9957
9959
9960
9962
9964
9966
9967
9969
9971
9972
9974
9976
9977
9979
9981
9982
9984
9985
9987
9989
9991
9992
9994
9996
9997
9999
10001
10002
10004
10006
10007
10009
10010
10012
10014
10016
10017
10019
10021
10022
10024
10026
10027
10029
10031
10032
10034
10035
10037
10039
10041
10042
10044
10046
10047
10049
10051
10052
10054
10056
10057
10059
10060
10061
10062
10063
10064
10065
10066
10067
10068
10069
10070
10072
10073
10075
10076
10078
10079
10081
10082
10084
10085
10086
10088
10089
10091
10092
10094
10095
10097
10098
10100
10101
10102
10104
10105
10107
10108
10110
10111
10113
10114
10116
10117
10118
10120
10121
10123
10124
10126
10127
10129
10130
10132
10133
10134
10136
10137
10139
10140
10142
10143
10145
10146
10148
10149
10150
10152
10153
10155
10156
10158
10159
10161
10162
10164
10165
10166
10168
10169
10171
10172
10174
10175
10177
10178
10180
10181
10182
10184
10185
10187
10188
10190
10191
10193
10194
10196
10197
10198
10200
10201
10203
10204
10206
10207
10209
10210
10212
10213
10214
10216
10217
10219
10220
10222
10223
10225
10226
10228
10229
10230
10232
10234
10236
10237
10239
10241
10242
10244
10246
10247
10249
10251
10252
10254
10256
10258
10259
10261
10263
10264
10266
10268
10269
10271
10273
10274
10276
10278
10280
10281
10283
10285
10286
10288
10290
10291
10293
10295
10296
10298
10300
10302
10303
10305
10307
10308
10310
10312
10313
10315
10317
10318
10320
10322
10324
10325
10327
10329
10330
10332
10334
10335
10337
10339
10340
10342
10344
10346
10347
10349
10351
10352
10354
10356
10357
10359
10361
10362
10364
10366
10368
10369
10371
10373
10374
10376
10378
10379
10381
10383
10384
10386
10388
10390
10391
10393
10395
10396
10398
10400
10401
10403
10405
10406
10408
10410
10412
10413
10415
10417
10418
10420
10422
10423
10425
10427
10428
10430
10432
10434
10435
10437
10439
10440
10442
10444
10445
10447
10449
10450
10451
10452
10453
10454
10455
10456
10457
10458
10459
10460
10462
10463
10465
10466
10468
10469
10471
10472
10473
10475
10476
10478
10479
10481
10482
10484
10485
10486
10488
10489
10491
10492
10494
10495
10497
10498
10499
10501
10502
10504
10505
10507
10508
10510
10511
10512
10514
10515
10517
10518
10520
10521
10523
10524
10525
10527
10528
10530
10531
10533
10534
10536
10537
10538
10540
10541
10543
10544
10546
10547
10549
10550
10551
10553
10554
10556
10557
10559
10560
10562
10563
10564
10566
10567
10569
10570
10572
10573
10575
10576
10577
10579
10580
10582
10583
10585
10586
10588
10589
10590
10592
10594
10596
10597
10599
10601
10602
10604
10606
10607
10609
10611
10612
10614
10616
10618
10619
10621
10623
10624
10626
10628
10629
10631
10633
10634
10636
10638
10640
10641
10643
10645
10646
10648
10650
10651
10653
10655
10656
10658
10660
10662
10663
10665
10667
10668
10670
10672
10673
10675
10677
10678
10680
10682
10684
10685
10687
10689
10690
10692
10694
10695
10697
10699
10700
10702
10704
10706
10707
10709
10711
10712
10714
10716
10717
10719
10721
10722
10724
10726
10728
10729
10731
10733
10734
10736
10738
10739
10741
10743
10744
10746
10748
10750
10751
10753
10755
10756
10758
10760
10761
10763
10765
10766
10768
10770
10772
10773
10775
10777
10778
10780
10782
10783
10785
10787
10788
10790
10792
10794
10795
10797
10799
10800
10802
10804
10805
10807
10809
10810
10811
10812
10813
10814
10815
10816
10817
10818
10819
10820
10822
10823
10825
10826
10828
10829
10831
10832
10833
10835
10836
10838
10839
10841
10842
10844
10845
10846
10848
10849
10851
10852
10854
10855
10857
10858
10859
10861
10862
10864
10865
10867
10868
10870
10871
10872
10874
10875
10877
10878
10880
10881
10883
10884
10885
10887
10888
10890
10891
10893
10894
10896
10897
10898
10900
10901
10903
10904
10906
10907
10909
10910
10911
10913
10914
10916
10917
10919
10920
10922
10923
10924
10926
10927
10929
10930
10932
10933
10935
10936
10937
10939
10940
10942
10943
10945
10946
10948
10949
10950
10952
10954
10956
10957
10959
10961
10962
10964
10966
10967
10969
10971
10973
10974
10976
10978
10979
10981
10983
10984
10986
10988
10990
10991
10993
10995
10996
10998
11000
11001
11003
11005
11007
11008
11010
11012
11013
11015
11017
11018
11020
11022
11024
11025
11027
11029
11030
11032
11034
11035
11037
11039
11041
11042
11044
11046
11047
11049
11051
11052
11054
11056
11058
11059
11061
11063
11064
11066
11068
11069
11071
11073
11075
11076
11078
11080
11081
11083
11085
11086
11088
11090
11092
11093
11095
11097
11098
11100
11102
11103
11105
11107
11109
11110
11112
11114
11115
11117
11119
11120
11121
11122
11123
11124
11125
11126
11127
11128
11129
11130
11132
11133
11135
11136
11138
11139
11140
11142
11143
11145
11146
11148
11149
11150
11152
11153
11155
11156
11158
11159
11160
11162
11163
11165
11166
11168
11169
11170
11172
11173
11175
11176
11178
11179
11180
11182
11183
11185
11186
11188
11189
11190
11192
11193
11195
11196
11198
11199
11200
11202
11203
11205
11206
11208
11209
11210
11212
11213
11215
11216
11218
11219
11220
11222
11223
11225
11226
11228
11229
11230
11232
11234
11236
11237
11239
11241
11242
11244
11246
11247
11249
11251
11253
11254
11256
11258
11259
11261
11263
11264
11266
11268
11270
11271
11273
11275
11276
11278
11280
11281
11283
11285
11287
11288
11290
11292
11293
11295
11297
11298
11300
11302
11304
11305
11307
11309
11310
11312
11314
11315
11317
11319
11321
11322
11324
11326
11327
11329
11331
11332
11334
11336
11338
11339
11341
11343
11344
11346
11348
11349
11351
11353
11355
11356
11358
11360
11361
11363
11365
11366
11368
11370
11372
11373
11375
11377
11378
11380
11382
11383
11385
11387
11389
11390
11392
11394
11395
11397
11399
11400
11401
11402
11403
11404
11405
11406
11407
11408
11409
11410
11412
11413
11415
11416
11418
11419
11420
11422
11423
11425
11426
11428
11429
11430
11432
11433
11435
11436
11438
11439
11440
11442
11443
11445
11446
11448
11449
11450
11452
11453
11455
11456
11458
11459
11460
11462
11463
11465
11466
11468
11469
11470
11472
11473
11475
11476
11478
11479
11480
11482
11483
11485
11486
11488
11489
11490
11492
11493
11495
11496
11498
11499
11500
11502
11503
11505
11506
11508
11509
11510
11512
11514
11516
11517
11519
11521
11522
11524
11526
11528
11529
11531
11533
11534
11536
11538
11540
11541
11543
11545
11546
11548
11550
11552
11553
11555
11557
11558
11560
11562
11564
11565
11567
11569
11570
11572
11574
11576
11577
11579
11581
11582
11584
11586
11588
11589
11591
11593
11594
11596
11598
11600
11601
11603
11605
11606
11608
11610
11612
11613
11615
11617
11618
11620
11622
11624
11625
11627
11629
11630
11631
11632
11633
11634
11635
11636
11637
11638
11639
11640
11642
11643
11645
11646
11647
11649
11650
11652
11653
11654
11656
11657
11659
11660
11661
11663
11664
11666
11667
11668
11670
11671
11673
11674
11675
11677
11678
11680
11681
11682
11684
11685
11687
11688
11689
11691
11692
11694
11695
11696
11698
11699
11701
11702
11703
11705
11706
11708
11709
11710
11712
11714
11716
11717
11719
11721
11722
11724
11726
11728
11729
11731
11733
11734
11736
11738
11740
11741
11743
11745
11746
11748
11750
11752
11753
11755
11757
11758
11760
11762
11764
11765
11767
11769
11770
11772
11774
11776
11777
11779
11781
11782
11784
11786
11788
11789
11791
11793
11794
11796
11798
11800
11801
11803
11805
11806
11808
11810
11812
11813
11815
11817
11818
11820
11822
11824
11825
11827
11829
11830
11831
11832
11833
11834
11835
11836
11837
11838
11839
11840
11842
11843
11845
11846
11847
11849
11850
11852
11853
11854
11856
11857
11859
11860
11861
11863
11864
11866
11867
11868
11870
11871
11873
11874
11875
11877
11878
11880
11881
11882
11884
11885
11887
11888
11889
11891
11892
11894
11895
11896
11898
11899
11901
11902
11903
11905
11906
11908
11909
11910
11912
11914
11916
11917
11919
11921
11923
11924
11926
11928
11930
11931
11933
11935
11937
11938
11940
11942
11944
11945
11947
11949
11951
11952
11954
11956
11958
11959
11961
11963
11965
11966
11968
11970
11972
11973
11975
11977
11979
11980
11981
11982
11983
11984
11985
11986
11987
11988
11989
11990
11992
11993
11994
11996
11997
11998
12000
12001
12002
12004
12005
12006
12008
12009
12010
12012
12013
12014
12016
12017
12018
12020
12021
12022
12024
12025
12026
12028
12029
12030
12032
12034
12036
12037
12039
12041
12043
12044
12046
12048
12050
12051
12053
12055
12057
12058
12060
12062
12064
12065
12067
12069
12071
12072
12074
12076
12078
12079
12081
12083
12085
12086
12088
12090
12092
12093
12095
12097
12099
12100
12101
12102
12103
12104
12105
12106
12107
12108
12109
12110
12111
12113
12114
12115
12117
12118
12119
12121
12122
12123
12125
12126
12127
12129
12130
12131
12133
12134
12135
12137
12138
12139
12141
12142
12143
12145
12146
12147
12149
12150
12152
12154
12156
12158
12160
12162
12164
12166
12168
12170
12171
12172
12173
12174
12175
12176
12177
12178
12179
12180
12181
12182
12183
12184
12185
12186
12187
12188
12189
12190
12191
12192
12193
12194
12195
12196
12197
12198
12199
12200
12200
12200
12200
12200
12200
12200
12200
12200
12200
12200
12200
12200
12200
12200
12200
12200
12200
12200
12200
12200
12200
12200
12200
12200
12200
12200
12200
12200
12200
12200
12200
12200
12200
12200
12200
12200
12200
12200
12200
12200
12200
12200
12200
12200
12200
12200
12200
12200
12200
12200
12200
12200
12200
12200
12200
12200
12200
12200
12200
12200
12200
12200
12200
12200
12200
12200
12200
12200
12200
12200
12200
12200
12200
12200
12200
12200
12200
12200
12200
12200
12200
12200
12200
12200
12200
12200
12200
12200
12200
12200
12200
12200
12200
12200
12200
12200
12200
12200
12200
12200
12200
12200
12200
12200
12200
12200
12200
12200
12200
12200
12200
12200
12200
12200
12200
12200
12200
12200
12200
12200
12200
12200
12200
12200
12200
12200
12200
12200
12200
12200
12200
12200
12200
12200
12200
12200
12200
12200
12200
12200
12200
12200
12200
12200
12200
12200
12200
12200
12200
12200
12200
12200
12200
12200
12200
12200
12200
12200
12200
12200
12200
12200
12200
12200
12200
12200
12200
12200
12200
12200
12200
12200
12200
12200
12200
12200
12200
12200
12200
12200
12200
12200
12200
12200
12200
12200
12200
12200
12200
12200
12200
12200
12200
12200
12200
12200
12200
12200
12200
400
410
420
430
440
450
460
470
480
490
400
401
402
403
404
405
406
407
408
409
1400
1401
1600
1610
401
411
421
431
441
451
461
471
481
491
1402
1403
402
412
422
432
442
452
462
472
482
492
1404
1405
403
413
423
433
443
453
463
473
483
493
1406
1407
404
414
424
434
444
454
464
474
484
494
1408
1409
405
415
425
435
445
455
465
475
485
495
1410
1411
406
416
426
436
446
456
466
476
486
496
1412
1413
407
417
427
437
447
457
467
477
487
497
1414
1415
408
418
428
438
448
458
468
478
488
498
1416
1417
409
419
429
439
449
459
469
479
489
499
1418
1419
410
411
412
413
414
415
416
417
418
419
1680
1692
420
421
422
423
424
425
426
427
428
429
1865
1874
430
431
432
433
434
435
436
437
438
439
2146
2156
440
441
442
443
444
445
446
447
448
449
2526
2538
450
451
452
453
454
455
456
457
458
459
3007
3020
460
461
462
463
464
465
466
467
468
469
3507
3520
470
471
472
473
474
475
476
477
478
479
4008
4020
480
481
482
483
484
485
486
487
488
489
4508
4520
490
491
492
493
494
495
496
497
498
499
5009
5020
500
510
520
530
540
550
560
570
580
590
500
501
502
503
504
505
506
507
508
509
1420
1421
1606
1611
501
511
521
531
541
551
561
571
581
591
1422
1423
502
512
522
532
542
552
562
572
582
592
1424
1425
503
513
523
533
543
553
563
573
583
593
1426
1427
504
514
524
534
544
554
564
574
584
594
1428
1429
505
515
525
535
545
555
565
575
585
595
1430
1431
506
516
526
536
546
556
566
576
586
596
1432
1433
507
517
527
537
547
557
567
577
587
597
1434
1435
508
518
528
538
548
558
568
578
588
598
1436
1437
509
519
529
539
549
559
569
579
589
599
1438
1439
510
511
512
513
514
515
516
517
518
519
1686
1695
520
521
522
523
524
525
526
527
528
529
1866
1879
530
531
532
533
534
535
536
537
538
539
2145
2163
540
541
542
543
544
545
546
547
548
549
2525
2547
550
551
552
553
554
555
556
557
558
559
3005
3031
560
561
562
563
564
565
566
567
568
569
3505
3531
570
571
572
573
574
575
576
577
578
579
4005
4031
580
581
582
583
584
585
586
587
588
589
4505
4531
590
591
592
593
594
595
596
597
598
599
5005
5031
600
610
620
630
640
650
660
670
680
690
600
601
602
603
604
605
606
607
608
609
1440
1441
1607
1612
601
611
621
631
641
651
661
671
681
691
1442
1443
602
612
622
632
642
652
662
672
682
692
1444
1445
603
613
623
633
643
653
663
673
683
693
1446
1447
604
614
624
634
644
654
664
674
684
694
1448
1449
605
615
625
635
645
655
665
675
685
695
1450
1451
606
616
626
636
646
656
666
676
686
696
1452
1453
607
617
627
637
647
657
667
677
687
697
1454
1455
608
618
628
638
648
658
668
678
688
698
1456
1457
609
619
629
639
649
659
669
679
689
699
1458
1459
610
611
612
613
614
615
616
617
618
619
1687
1698
620
621
622
623
624
625
626
627
628
629
1867
1884
630
631
632
633
634
635
636
637
638
639
2147
2170
640
641
642
643
644
645
646
647
648
649
2527
2556
650
651
652
653
654
655
656
657
658
659
3006
3042
660
661
662
663
664
665
666
667
668
669
3506
3542
670
671
672
673
674
675
676
677
678
679
4006
4042
680
681
682
683
684
685
686
687
688
689
4506
4542
690
691
692
693
694
695
696
697
698
699
5006
5042
700
710
720
730
740
750
760
770
780
790
700
701
702
703
704
705
706
707
708
709
1460
1461
1608
1613
701
711
721
731
741
751
761
771
781
791
1462
1463
702
712
722
732
742
752
762
772
782
792
1464
1465
703
713
723
733
743
753
763
773
783
793
1466
1467
704
714
724
734
744
754
764
774
784
794
1468
1469
705
715
725
735
745
755
765
775
785
795
1470
1471
706
716
726
736
746
756
766
776
786
796
1472
1473
707
717
727
737
747
757
767
777
787
797
1474
1475
708
718
728
738
748
758
768
778
788
798
1476
1477
709
719
729
739
749
759
769
779
789
799
1478
1479
710
711
712
713
714
715
716
717
718
719
1688
1701
720
721
722
723
724
725
726
727
728
729
1868
1889
730
731
732
733
734
735
736
737
738
739
2148
2177
740
741
742
743
744
745
746
747
748
749
2528
2565
750
751
752
753
754
755
756
757
758
759
3008
3053
760
761
762
763
764
765
766
767
768
769
3508
3553
770
771
772
773
774
775
776
777
778
779
4007
4053
780
781
782
783
784
785
786
787
788
789
4507
4553
790
791
792
793
794
795
796
797
798
799
5007
5053
800
810
820
830
840
850
860
870
880
890
800
801
802
803
804
805
806
807
808
809
1480
1481
1609
1614
801
811
821
831
841
851
861
871
881
891
1482
1483
802
812
822
832
842
852
862
872
882
892
1484
1485
803
813
823
833
843
853
863
873
883
893
1486
1487
804
814
824
834
844
854
864
874
884
894
1488
1489
805
815
825
835
845
855
865
875
885
895
1490
1491
806
816
826
836
846
856
866
876
886
896
1492
1493
807
817
827
837
847
857
867
877
887
897
1494
1495
808
818
828
838
848
858
868
878
888
898
1496
1497
809
819
829
839
849
859
869
879
889
899
1498
1499
810
811
812
813
814
815
816
817
818
819
1689
1704
820
821
822
823
824
825
826
827
828
829
1869
1894
830
831
832
833
834
835
836
837
838
839
2149
2184
840
841
842
843
844
845
846
847
848
849
2529
2574
850
851
852
853
854
855
856
857
858
859
3009
3064
860
861
862
863
864
865
866
867
868
869
3509
3564
870
871
872
873
874
875
876
877
878
879
4009
4064
880
881
882
883
884
885
886
887
888
889
4509
4564
890
891
892
893
894
895
896
897
898
899
5008
5064
900
910
920
930
940
950
960
970
980
990
900
901
902
903
904
905
906
907
908
909
1500
1501
1601
1615
901
911
921
931
941
951
961
971
981
991
1502
1503
902
912
922
932
942
952
962
972
982
992
1504
1505
903
913
923
933
943
953
963
973
983
993
1506
1507
904
914
924
934
944
954
964
974
984
994
1508
1509
905
915
925
935
945
955
965
975
985
995
1510
1511
906
916
926
936
946
956
966
976
986
996
1512
1513
907
917
927
937
947
957
967
977
987
997
1514
1515
908
918
928
938
948
958
968
978
988
998
1516
1517
909
919
929
939
949
959
969
979
989
999
1518
1519
910
911
912
913
914
915
916
917
918
919
1681
1707
920
921
922
923
924
925
926
927
928
929
1860
1899
930
931
932
933
934
935
936
937
938
939
2140
2191
940
941
942
943
944
945
946
947
948
949
2520
2583
950
951
952
953
954
955
956
957
958
959
3000
3075
960
961
962
963
964
965
966
967
968
969
3500
3575
970
971
972
973
974
975
976
977
978
979
4000
4075
980
981
982
983
984
985
986
987
988
989
4500
4575
990
991
992
993
994
995
996
997
998
999
5000
5075
1000
1010
1020
1030
1040
1050
1060
1070
1080
1090
1000
1001
1002
1003
1004
1005
1006
1007
1008
1009
1520
1521
1602
1616
1001
1011
1021
1031
1041
1051
1061
1071
1081
1091
1522
1523
1002
1012
1022
1032
1042
1052
1062
1072
1082
1092
1524
1525
1003
1013
1023
1033
1043
1053
1063
1073
1083
1093
1526
1527
1004
1014
1024
1034
1044
1054
1064
1074
1084
1094
1528
1529
1005
1015
1025
1035
1045
1055
1065
1075
1085
1095
1530
1531
1006
1016
1026
1036
1046
1056
1066
1076
1086
1096
1532
1533
1007
1017
1027
1037
1047
1057
1067
1077
1087
1097
1534
1535
1008
1018
1028
1038
1048
1058
1068
1078
1088
1098
1536
1537
1009
1019
1029
1039
1049
1059
1069
1079
1089
1099
1538
1539
1010
1011
1012
1013
1014
1015
1016
1017
1018
1019
1682
1710
1020
1021
1022
1023
1024
1025
1026
1027
1028
1029
1861
1904
1030
1031
1032
1033
1034
1035
1036
1037
1038
1039
2141
2198
1040
1041
1042
1043
1044
1045
1046
1047
1048
1049
2521
2592
1050
1051
1052
1053
1054
1055
1056
1057
1058
1059
3001
3086
1060
1061
1062
1063
1064
1065
1066
1067
1068
1069
3501
3586
1070
1071
1072
1073
1074
1075
1076
1077
1078
1079
4001
4086
1080
1081
1082
1083
1084
1085
1086
1087
1088
1089
4501
4586
1090
1091
1092
1093
1094
1095
1096
1097
1098
1099
5001
5086
1100
1110
1120
1130
1140
1150
1160
1170
1180
1190
1100
1101
1102
1103
1104
1105
1106
1107
1108
1109
1540
1541
1603
1617
1101
1111
1121
1131
1141
1151
1161
1171
1181
1191
1542
1543
1102
1112
1122
1132
1142
1152
1162
1172
1182
1192
1544
1545
1103
1113
1123
1133
1143
1153
1163
1173
1183
1193
1546
1547
1104
1114
1124
1134
1144
1154
1164
1174
1184
1194
1548
1549
1105
1115
1125
1135
1145
1155
1165
1175
1185
1195
1550
1551
1106
1116
1126
1136
1146
1156
1166
1176
1186
1196
1552
1553
1107
1117
1127
1137
1147
1157
1167
1177
1187
1197
1554
1555
1108
1118
1128
1138
1148
1158
1168
1178
1188
1198
1556
1557
1109
1119
1129
1139
1149
1159
1169
1179
1189
1199
1558
1559
1110
1111
1112
1113
1114
1115
1116
1117
1118
1119
1683
1713
1120
1121
1122
1123
1124
1125
1126
1127
1128
1129
1862
1909
1130
1131
1132
1133
1134
1135
1136
1137
1138
1139
2142
2205
1140
1141
1142
1143
1144
1145
1146
1147
1148
1149
2522
2601
1150
1151
1152
1153
1154
1155
1156
1157
1158
1159
3002
3097
1160
1161
1162
1163
1164
1165
1166
1167
1168
1169
3502
3597
1170
1171
1172
1173
1174
1175
1176
1177
1178
1179
4002
4097
1180
1181
1182
1183
1184
1185
1186
1187
1188
1189
4502
4597
1190
1191
1192
1193
1194
1195
1196
1197
1198
1199
5002
5097
1200
1210
1220
1230
1240
1250
1260
1270
1280
1290
1200
1201
1202
1203
1204
1205
1206
1207
1208
1209
1560
1561
1604
1618
1201
1211
1221
1231
1241
1251
1261
1271
1281
1291
1562
1563
1202
1212
1222
1232
1242
1252
1262
1272
1282
1292
1564
1565
1203
1213
1223
1233
1243
1253
1263
1273
1283
1293
1566
1567
1204
1214
1224
1234
1244
1254
1264
1274
1284
1294
1568
1569
1205
1215
1225
1235
1245
1255
1265
1275
1285
1295
1570
1571
1206
1216
1226
1236
1246
1256
1266
1276
1286
1296
1572
1573
1207
1217
1227
1237
1247
1257
1267
1277
1287
1297
1574
1575
1208
1218
1228
1238
1248
1258
1268
1278
1288
1298
1576
1577
1209
1219
1229
1239
1249
1259
1269
1279
1289
1299
1578
1579
1210
1211
1212
1213
1214
1215
1216
1217
1218
1219
1684
1716
1220
1221
1222
1223
1224
1225
1226
1227
1228
1229
1863
1914
1230
1231
1232
1233
1234
1235
1236
1237
1238
1239
2143
2212
1240
1241
1242
1243
1244
1245
1246
1247
1248
1249
2523
2610
1250
1251
1252
1253
1254
1255
1256
1257
1258
1259
3003
3108
1260
1261
1262
1263
1264
1265
1266
1267
1268
1269
3503
3608
1270
1271
1272
1273
1274
1275
1276
1277
1278
1279
4003
4108
1280
1281
1282
1283
1284
1285
1286
1287
1288
1289
4503
4608
1290
1291
1292
1293
1294
1295
1296
1297
1298
1299
5003
5108
1300
1310
1320
1330
1340
1350
1360
1370
1380
1390
1300
1301
1302
1303
1304
1305
1306
1307
1308
1309
1580
1581
1605
1619
1301
1311
1321
1331
1341
1351
1361
1371
1381
1391
1582
1583
1302
1312
1322
1332
1342
1352
1362
1372
1382
1392
1584
1585
1303
1313
1323
1333
1343
1353
1363
1373
1383
1393
1586
1587
1304
1314
1324
1334
1344
1354
1364
1374
1384
1394
1588
1589
1305
1315
1325
1335
1345
1355
1365
1375
1385
1395
1590
1591
1306
1316
1326
1336
1346
1356
1366
1376
1386
1396
1592
1593
1307
1317
1327
1337
1347
1357
1367
1377
1387
1397
1594
1595
1308
1318
1328
1338
1348
1358
1368
1378
1388
1398
1596
1597
1309
1319
1329
1339
1349
1359
1369
1379
1389
1399
1598
1599
1310
1311
1312
1313
1314
1315
1316
1317
1318
1319
1685
1719
1320
1321
1322
1323
1324
1325
1326
1327
1328
1329
1864
1919
1330
1331
1332
1333
1334
1335
1336
1337
1338
1339
2144
2219
1340
1341
1342
1343
1344
1345
1346
1347
1348
1349
2524
2619
1350
1351
1352
1353
1354
1355
1356
1357
1358
1359
3004
3119
1360
1361
1362
1363
1364
1365
1366
1367
1368
1369
3504
3619
1370
1371
1372
1373
1374
1375
1376
1377
1378
1379
4004
4119
1380
1381
1382
1383
1384
1385
1386
1387
1388
1389
4504
4619
1390
1391
1392
1393
1394
1395
1396
1397
1398
1399
5004
5119
1400
1401
1402
1403
1404
1405
1406
1407
1408
1409
1410
1411
1412
1413
1414
1415
1416
1417
1418
1419
1651
1652
1722
1723
1802
1803
1922
1923
2052
2053
2222
2223
2402
2403
2622
2623
2852
2853
3012
3013
1804
1805
1925
1926
2055
2056
2225
2226
2405
2406
2625
2626
2855
2856
3122
3123
3352
3353
3512
3513
2057
2058
2228
2229
2408
2409
2628
2629
2858
2859
3125
3126
3355
3356
3622
3623
3852
3853
4012
4013
2410
2411
2631
2632
2861
2862
3128
3129
3358
3359
3625
3626
3855
3856
4122
4123
4352
4353
4512
4513
2863
2864
3131
3132
3361
3362
3628
3629
3858
3859
4125
4126
4355
4356
4622
4623
4852
4853
5012
5013
3363
3364
3631
3632
3861
3862
4128
4129
4358
4359
4625
4626
4855
4856
5122
5123
5352
5353
5492
5493
3863
3864
4131
4132
4361
4362
4628
4629
4858
4859
5125
5126
5355
5356
5582
5583
5762
5763
5872
5873
4363
4364
4631
4632
4861
4862
5128
5129
5358
5359
5585
5586
5765
5766
5942
5943
6072
6073
6152
6153
4863
4864
5131
5132
5361
5362
5588
5589
5768
5769
5945
5946
6075
6076
6202
6203
6282
6283
6331
6332
1420
1421
1422
1423
1424
1425
1426
1427
1428
1429
1430
1431
1432
1433
1434
1435
1436
1437
1438
1439
1654
1655
1726
1727
1808
1809
1929
1930
2061
2062
2232
2233
2414
2415
2635
2636
2867
2868
3023
3024
1810
1811
1932
1933
2064
2065
2235
2236
2417
2418
2638
2639
2870
2871
3135
3136
3367
3368
3523
3524
2066
2067
2238
2239
2420
2421
2641
2642
2873
2874
3138
3139
3370
3371
3635
3636
3867
3868
4023
4024
2422
2423
2644
2645
2876
2877
3141
3142
3373
3374
3638
3639
3870
3871
4135
4136
4367
4368
4523
4524
2878
2879
3144
3145
3376
3377
3641
3642
3873
3874
4138
4139
4370
4371
4635
4636
4867
4868
5023
5024
3378
3379
3644
3645
3876
3877
4141
4142
4373
4374
4638
4639
4870
4871
5135
5136
5365
5366
5501
5502
3878
3879
4144
4145
4376
4377
4641
4642
4873
4874
5138
5139
5368
5369
5592
5593
5772
5773
5879
5880
4378
4379
4644
4645
4876
4877
5141
5142
5371
5372
5595
5596
5775
5776
5949
5950
6079
6080
6157
6158
4878
4879
5144
5145
5374
5375
5598
5599
5778
5779
5952
5953
6082
6083
6206
6207
6286
6287
6334
6335
1440
1441
1442
1443
1444
1445
1446
1447
1448
1449
1450
1451
1452
1453
1454
1455
1456
1457
1458
1459
1657
1658
1730
1731
1814
1815
1936
1937
2070
2071
2242
2243
2426
2427
2648
2649
2882
2883
3034
3035
1816
1817
1939
1940
2073
2074
2245
2246
2429
2430
2651
2652
2885
2886
3148
3149
3382
3383
3534
3535
2075
2076
2248
2249
2432
2433
2654
2655
2888
2889
3151
3152
3385
3386
3648
3649
3882
3883
4034
4035
2434
2435
2657
2658
2891
2892
3154
3155
3388
3389
3651
3652
3885
3886
4148
4149
4382
4383
4534
4535
2893
2894
3157
3158
3391
3392
3654
3655
3888
3889
4151
4152
4385
4386
4648
4649
4882
4883
5034
5035
3393
3394
3657
3658
3891
3892
4154
4155
4388
4389
4651
4652
4885
4886
5148
5149
5378
5379
5510
5511
3893
3894
4157
4158
4391
4392
4654
4655
4888
4889
5151
5152
5381
5382
5602
5603
5782
5783
5886
5887
4393
4394
4657
4658
4891
4892
5154
5155
5384
5385
5605
5606
5785
5786
5956
5957
6086
6087
6162
6163
4893
4894
5157
5158
5387
5388
5608
5609
5788
5789
5959
5960
6089
6090
6210
6211
6290
6291
6337
6338
1460
1461
1462
1463
1464
1465
1466
1467
1468
1469
1470
1471
1472
1473
1474
1475
1476
1477
1478
1479
1660
1661
1734
1735
1820
1821
1943
1944
2079
2080
2252
2253
2438
2439
2661
2662
2897
2898
3045
3046
1822
1823
1946
1947
2082
2083
2255
2256
2441
2442
2664
2665
2900
2901
3161
3162
3397
3398
3545
3546
2084
2085
2258
2259
2444
2445
2667
2668
2903
2904
3164
3165
3400
3401
3661
3662
3897
3898
4045
4046
2446
2447
2670
2671
2906
2907
3167
3168
3403
3404
3664
3665
3900
3901
4161
4162
4397
4398
4545
4546
2908
2909
3170
3171
3406
3407
3667
3668
3903
3904
4164
4165
4400
4401
4661
4662
4897
4898
5045
5046
3408
3409
3670
3671
3906
3907
4167
4168
4403
4404
4664
4665
4900
4901
5161
5162
5391
5392
5519
5520
3908
3909
4170
4171
4406
4407
4667
4668
4903
4904
5164
5165
5394
5395
5612
5613
5792
5793
5893
5894
4408
4409
4670
4671
4906
4907
5167
5168
5397
5398
5615
5616
5795
5796
5963
5964
6093
6094
6167
6168
4908
4909
5170
5171
5400
5401
5618
5619
5798
5799
5966
5967
6096
6097
6214
6215
6294
6295
6340
6341
1480
1481
1482
1483
1484
1485
1486
1487
1488
1489
1490
1491
1492
1493
1494
1495
1496
1497
1498
1499
1663
1664
1738
1739
1826
1827
1950
1951
2088
2089
2262
2263
2450
2451
2674
2675
2912
2913
3056
3057
1828
1829
1953
1954
2091
2092
2265
2266
2453
2454
2677
2678
2915
2916
3174
3175
3412
3413
3556
3557
2093
2094
2268
2269
2456
2457
2680
2681
2918
2919
3177
3178
3415
3416
3674
3675
3912
3913
4056
4057
2458
2459
2683
2684
2921
2922
3180
3181
3418
3419
3677
3678
3915
3916
4174
4175
4412
4413
4556
4557
2923
2924
3183
3184
3421
3422
3680
3681
3918
3919
4177
4178
4415
4416
4674
4675
4912
4913
5056
5057
3423
3424
3683
3684
3921
3922
4180
4181
4418
4419
4677
4678
4915
4916
5174
5175
5404
5405
5528
5529
3923
3924
4183
4184
4421
4422
4680
4681
4918
4919
5177
5178
5407
5408
5622
5623
5802
5803
5900
5901
4423
4424
4683
4684
4921
4922
5180
5181
5410
5411
5625
5626
5805
5806
5970
5971
6100
6101
6172
6173
4923
4924
5183
5184
5413
5414
5628
5629
5808
5809
5973
5974
6103
6104
6218
6219
6298
6299
6343
6344
1500
1501
1502
1503
1504
1505
1506
1507
1508
1509
1510
1511
1512
1513
1514
1515
1516
1517
1518
1519
1666
1667
1742
1743
1832
1833
1957
1958
2097
2098
2272
2273
2462
2463
2687
2688
2927
2928
3067
3068
1834
1835
1960
1961
2100
2101
2275
2276
2465
2466
2690
2691
2930
2931
3187
3188
3427
3428
3567
3568
2102
2103
2278
2279
2468
2469
2693
2694
2933
2934
3190
3191
3430
3431
3687
3688
3927
3928
4067
4068
2470
2471
2696
2697
2936
2937
3193
3194
3433
3434
3690
3691
3930
3931
4187
4188
4427
4428
4567
4568
2938
2939
3196
3197
3436
3437
3693
3694
3933
3934
4190
4191
4430
4431
4687
4688
4927
4928
5067
5068
3438
3439
3696
3697
3936
3937
4193
4194
4433
4434
4690
4691
4930
4931
5187
5188
5417
5418
5537
5538
3938
3939
4196
4197
4436
4437
4693
4694
4933
4934
5190
5191
5420
5421
5632
5633
5812
5813
5907
5908
4438
4439
4696
4697
4936
4937
5193
5194
5423
5424
5635
5636
5815
5816
5977
5978
6107
6108
6177
6178
4938
4939
5196
5197
5426
5427
5638
5639
5818
5819
5980
5981
6110
6111
6222
6223
6302
6303
6346
6347
1520
1521
1522
1523
1524
1525
1526
1527
1528
1529
1530
1531
1532
1533
1534
1535
1536
1537
1538
1539
1669
1670
1746
1747
1838
1839
1964
1965
2106
2107
2282
2283
2474
2475
2700
2701
2942
2943
3078
3079
1840
1841
1967
1968
2109
2110
2285
2286
2477
2478
2703
2704
2945
2946
3200
3201
3442
3443
3578
3579
2111
2112
2288
2289
2480
2481
2706
2707
2948
2949
3203
3204
3445
3446
3700
3701
3942
3943
4078
4079
2482
2483
2709
2710
2951
2952
3206
3207
3448
3449
3703
3704
3945
3946
4200
4201
4442
4443
4578
4579
2953
2954
3209
3210
3451
3452
3706
3707
3948
3949
4203
4204
4445
4446
4700
4701
4942
4943
5078
5079
3453
3454
3709
3710
3951
3952
4206
4207
4448
4449
4703
4704
4945
4946
5200
5201
5430
5431
5546
5547
3953
3954
4209
4210
4451
4452
4706
4707
4948
4949
5203
5204
5433
5434
5642
5643
5822
5823
5914
5915
4453
4454
4709
4710
4951
4952
5206
5207
5436
5437
5645
5646
5825
5826
5984
5985
6114
6115
6182
6183
4953
4954
5209
5210
5439
5440
5648
5649
5828
5829
5987
5988
6117
6118
6226
6227
6306
6307
6349
6350
1540
1541
1542
1543
1544
1545
1546
1547
1548
1549
1550
1551
1552
1553
1554
1555
1556
1557
1558
1559
1672
1673
1750
1751
1844
1845
1971
1972
2115
2116
2292
2293
2486
2487
2713
2714
2957
2958
3089
3090
1846
1847
1974
1975
2118
2119
2295
2296
2489
2490
2716
2717
2960
2961
3213
3214
3457
3458
3589
3590
2120
2121
2298
2299
2492
2493
2719
2720
2963
2964
3216
3217
3460
3461
3713
3714
3957
3958
4089
4090
2494
2495
2722
2723
2966
2967
3219
3220
3463
3464
3716
3717
3960
3961
4213
4214
4457
4458
4589
4590
2968
2969
3222
3223
3466
3467
3719
3720
3963
3964
4216
4217
4460
4461
4713
4714
4957
4958
5089
5090
3468
3469
3722
3723
3966
3967
4219
4220
4463
4464
4716
4717
4960
4961
5213
5214
5443
5444
5555
5556
3968
3969
4222
4223
4466
4467
4719
4720
4963
4964
5216
5217
5446
5447
5652
5653
5832
5833
5921
5922
4468
4469
4722
4723
4966
4967
5219
5220
5449
5450
5655
5656
5835
5836
5991
5992
6121
6122
6187
6188
4968
4969
5222
5223
5452
5453
5658
5659
5838
5839
5994
5995
6124
6125
6230
6231
6310
6311
6352
6353
1560
1561
1562
1563
1564
1565
1566
1567
1568
1569
1570
1571
1572
1573
1574
1575
1576
1577
1578
1579
1675
1676
1754
1755
1850
1851
1978
1979
2124
2125
2302
2303
2498
2499
2726
2727
2972
2973
3100
3101
1852
1853
1981
1982
2127
2128
2305
2306
2501
2502
2729
2730
2975
2976
3226
3227
3472
3473
3600
3601
2129
2130
2308
2309
2504
2505
2732
2733
2978
2979
3229
3230
3475
3476
3726
3727
3972
3973
4100
4101
2506
2507
2735
2736
2981
2982
3232
3233
3478
3479
3729
3730
3975
3976
4226
4227
4472
4473
4600
4601
2983
2984
3235
3236
3481
3482
3732
3733
3978
3979
4229
4230
4475
4476
4726
4727
4972
4973
5100
5101
3483
3484
3735
3736
3981
3982
4232
4233
4478
4479
4729
4730
4975
4976
5226
5227
5456
5457
5564
5565
3983
3984
4235
4236
4481
4482
4732
4733
4978
4979
5229
5230
5459
5460
5662
5663
5842
5843
5928
5929
4483
4484
4735
4736
4981
4982
5232
5233
5462
5463
5665
5666
5845
5846
5998
5999
6128
6129
6192
6193
4983
4984
5235
5236
5465
5466
5668
5669
5848
5849
6001
6002
6131
6132
6234
6235
6314
6315
6355
6356
1580
1581
1582
1583
1584
1585
1586
1587
1588
1589
1590
1591
1592
1593
1594
1595
1596
1597
1598
1599
1678
1679
1758
1759
1856
1857
1985
1986
2133
2134
2312
2313
2510
2511
2739
2740
2987
2988
3111
3112
1858
1859
1988
1989
2136
2137
2315
2316
2513
2514
2742
2743
2990
2991
3239
3240
3487
3488
3611
3612
2138
2139
2318
2319
2516
2517
2745
2746
2993
2994
3242
3243
3490
3491
3739
3740
3987
3988
4111
4112
2518
2519
2748
2749
2996
2997
3245
3246
3493
3494
3742
3743
3990
3991
4239
4240
4487
4488
4611
4612
2998
2999
3248
3249
3496
3497
3745
3746
3993
3994
4242
4243
4490
4491
4739
4740
4987
4988
5111
5112
3498
3499
3748
3749
3996
3997
4245
4246
4493
4494
4742
4743
4990
4991
5239
5240
5469
5470
5573
5574
3998
3999
4248
4249
4496
4497
4745
4746
4993
4994
5242
5243
5472
5473
5672
5673
5852
5853
5935
5936
4498
4499
4748
4749
4996
4997
5245
5246
5475
5476
5675
5676
5855
5856
6005
6006
6135
6136
6197
6198
4998
4999
5248
5249
5478
5479
5678
5679
5858
5859
6008
6009
6138
6139
6238
6239
6318
6319
6358
6359
1600
1610
1620
1630
1631
1650
1690
1691
1720
1760
1761
1800
1870
1871
1920
1990
1991
2050
2150
2151
2220
2320
2321
2400
2530
2531
2620
2750
2751
2850
1606
1611
1621
1632
1633
1653
1693
1694
1724
1764
1765
1806
1875
1876
1927
1996
1997
2059
2157
2158
2230
2328
2329
2412
2539
2540
2633
2760
2761
2865
1607
1612
1622
1634
1635
1656
1696
1697
1728
1768
1769
1812
1880
1881
1934
2002
2003
2068
2164
2165
2240
2336
2337
2424
2548
2549
2646
2770
2771
2880
1608
1613
1623
1636
1637
1659
1699
1700
1732
1772
1773
1818
1885
1886
1941
2008
2009
2077
2171
2172
2250
2344
2345
2436
2557
2558
2659
2780
2781
2895
1609
1614
1624
1638
1639
1662
1702
1703
1736
1776
1777
1824
1890
1891
1948
2014
2015
2086
2178
2179
2260
2352
2353
2448
2566
2567
2672
2790
2791
2910
1601
1615
1625
1640
1641
1665
1705
1706
1740
1780
1781
1830
1895
1896
1955
2020
2021
2095
2185
2186
2270
2360
2361
2460
2575
2576
2685
2800
2801
2925
1602
1616
1626
1642
1643
1668
1708
1709
1744
1784
1785
1836
1900
1901
1962
2026
2027
2104
2192
2193
2280
2368
2369
2472
2584
2585
2698
2810
2811
2940
1603
1617
1627
1644
1645
1671
1711
1712
1748
1788
1789
1842
1905
1906
1969
2032
2033
2113
2199
2200
2290
2376
2377
2484
2593
2594
2711
2820
2821
2955
1604
1618
1628
1646
1647
1674
1714
1715
1752
1792
1793
1848
1910
1911
1976
2038
2039
2122
2206
2207
2300
2384
2385
2496
2602
2603
2724
2830
2831
2970
1605
1619
1629
1648
1649
1677
1717
1718
1756
1796
1797
1854
1915
1916
1983
2044
2045
2131
2213
2214
2310
2392
2393
2508
2611
2612
2737
2840
2841
2985
6400
6403
6425
6447
6469
6491
6513
6535
6557
6579
1620
1621
1622
1623
1624
1625
1626
1627
1628
1629
1630
1631
1632
1633
1634
1635
1636
1637
1638
1639
1640
1641
1642
1643
1644
1645
1646
1647
1648
1649
1651
1652
1650
1654
1655
1653
1657
1658
1656
1660
1661
1659
1663
1664
1662
1666
1667
1665
1669
1670
1668
1672
1673
1671
1675
1676
1674
1678
1679
1677
1690
1691
1680
1692
1721
1693
1694
1686
1695
1725
1696
1697
1687
1698
1729
1699
1700
1688
1701
1733
1702
1703
1689
1704
1737
1705
1706
1681
1707
1741
1708
1709
1682
1710
1745
1711
1712
1683
1713
1749
1714
1715
1684
1716
1753
1717
1718
1685
1719
1757
6401
6404
6426
6448
6470
6492
6514
6536
6558
6580
1722
1723
1720
1721
1726
1727
1724
1725
1730
1731
1728
1729
1734
1735
1732
1733
1738
1739
1736
1737
1742
1743
1740
1741
1746
1747
1744
1745
1750
1751
1748
1749
1754
1755
1752
1753
1758
1759
1756
1757
1760
1761
1762
1763
1762
1763
1801
1764
1765
1766
1767
1766
1767
1807
1768
1769
1770
1771
1770
1771
1813
1772
1773
1774
1775
1774
1775
1819
1776
1777
1778
1779
1778
1779
1825
1780
1781
1782
1783
1782
1783
1831
1784
1785
1786
1787
1786
1787
1837
1788
1789
1790
1791
1790
1791
1843
1792
1793
1794
1795
1794
1795
1849
1796
1797
1798
1799
1798
1799
1855
1802
1803
1800
1804
1805
1801
1808
1809
1806
1810
1811
1807
1814
1815
1812
1816
1817
1813
1820
1821
1818
1822
1823
1819
1826
1827
1824
1828
1829
1825
1832
1833
1830
1834
1835
1831
1838
1839
1836
1840
1841
1837
1844
1845
1842
1846
1847
1843
1850
1851
1848
1852
1853
1849
1856
1857
1854
1858
1859
1855
1870
1871
1872
1873
1872
1873
1921
1865
1874
1924
1875
1876
1877
1878
1877
1878
1928
1866
1879
1931
1880
1881
1882
1883
1882
1883
1935
1867
1884
1938
1885
1886
1887
1888
1887
1888
1942
1868
1889
1945
1890
1891
1892
1893
1892
1893
1949
1869
1894
1952
1895
1896
1897
1898
1897
1898
1956
1860
1899
1959
1900
1901
1902
1903
1902
1903
1963
1861
1904
1966
1905
1906
1907
1908
1907
1908
1970
1862
1909
1973
1910
1911
1912
1913
1912
1913
1977
1863
1914
1980
1915
1916
1917
1918
1917
1918
1984
1864
1919
1987
6405
6427
6449
6471
6493
6512
6515
6537
6559
6581
1922
1923
1920
1925
1926
1921
1924
1929
1930
1927
1932
1933
1928
1931
1936
1937
1934
1939
1940
1935
1938
1943
1944
1941
1946
1947
1942
1945
1950
1951
1948
1953
1954
1949
1952
1957
1958
1955
1960
1961
1956
1959
1964
1965
1962
1967
1968
1963
1966
1971
1972
1969
1974
1975
1970
1973
1978
1979
1976
1981
1982
1977
1980
1985
1986
1983
1988
1989
1984
1987
1990
1991
1992
1993
1992
1993
2051
1994
1995
1994
1995
2054
1996
1997
1998
1999
1998
1999
2060
2000
2001
2000
2001
2063
2002
2003
2004
2005
2004
2005
2069
2006
2007
2006
2007
2072
2008
2009
2010
2011
2010
2011
2078
2012
2013
2012
2013
2081
2014
2015
2016
2017
2016
2017
2087
2018
2019
2018
2019
2090
2020
2021
2022
2023
2022
2023
2096
2024
2025
2024
2025
2099
2026
2027
2028
2029
2028
2029
2105
2030
2031
2030
2031
2108
2032
2033
2034
2035
2034
2035
2114
2036
2037
2036
2037
2117
2038
2039
2040
2041
2040
2041
2123
2042
2043
2042
2043
2126
2044
2045
2046
2047
2046
2047
2132
2048
2049
2048
2049
2135
2052
2053
2050
2055
2056
2051
2057
2058
2054
2061
2062
2059
2064
2065
2060
2066
2067
2063
2070
2071
2068
2073
2074
2069
2075
2076
2072
2079
2080
2077
2082
2083
2078
2084
2085
2081
2088
2089
2086
2091
2092
2087
2093
2094
2090
2097
2098
2095
2100
2101
2096
2102
2103
2099
2106
2107
2104
2109
2110
2105
2111
2112
2108
2115
2116
2113
2118
2119
2114
2120
2121
2117
2124
2125
2122
2127
2128
2123
2129
2130
2126
2133
2134
2131
2136
2137
2132
2138
2139
2135
2150
2151
2152
2153
2152
2153
2221
2154
2155
2154
2155
2224
2146
2156
2227
2157
2158
2159
2160
2159
2160
2231
2161
2162
2161
2162
2234
2145
2163
2237
2164
2165
2166
2167
2166
2167
2241
2168
2169
2168
2169
2244
2147
2170
2247
2171
2172
2173
2174
2173
2174
2251
2175
2176
2175
2176
2254
2148
2177
2257
2178
2179
2180
2181
2180
2181
2261
2182
2183
2182
2183
2264
2149
2184
2267
2185
2186
2187
2188
2187
2188
2271
2189
2190
2189
2190
2274
2140
2191
2277
2192
2193
2194
2195
2194
2195
2281
2196
2197
2196
2197
2284
2141
2198
2287
2199
2200
2201
2202
2201
2202
2291
2203
2204
2203
2204
2294
2142
2205
2297
2206
2207
2208
2209
2208
2209
2301
2210
2211
2210
2211
2304
2143
2212
2307
2213
2214
2215
2216
2215
2216
2311
2217
2218
2217
2218
2314
2144
2219
2317
6406
6428
6450
6472
6494
6516
6523
6538
6560
6582
2222
2223
2220
2225
2226
2221
2228
2229
2224
2227
2232
2233
2230
2235
2236
2231
2238
2239
2234
2237
2242
2243
2240
2245
2246
2241
2248
2249
2244
2247
2252
2253
2250
2255
2256
2251
2258
2259
2254
2257
2262
2263
2260
2265
2266
2261
2268
2269
2264
2267
2272
2273
2270
2275
2276
2271
2278
2279
2274
2277
2282
2283
2280
2285
2286
2281
2288
2289
2284
2287
2292
2293
2290
2295
2296
2291
2298
2299
2294
2297
2302
2303
2300
2305
2306
2301
2308
2309
2304
2307
2312
2313
2310
2315
2316
2311
2318
2319
2314
2317
2320
2321
2322
2323
2322
2323
2401
2324
2325
2324
2325
2404
2326
2327
2326
2327
2407
2328
2329
2330
2331
2330
2331
2413
2332
2333
2332
2333
2416
2334
2335
2334
2335
2419
2336
2337
2338
2339
2338
2339
2425
2340
2341
2340
2341
2428
2342
2343
2342
2343
2431
2344
2345
2346
2347
2346
2347
2437
2348
2349
2348
2349
2440
2350
2351
2350
2351
2443
2352
2353
2354
2355
2354
2355
2449
2356
2357
2356
2357
2452
2358
2359
2358
2359
2455
2360
2361
2362
2363
2362
2363
2461
2364
2365
2364
2365
2464
2366
2367
2366
2367
2467
2368
2369
2370
2371
2370
2371
2473
2372
2373
2372
2373
2476
2374
2375
2374
2375
2479
2376
2377
2378
2379
2378
2379
2485
2380
2381
2380
2381
2488
2382
2383
2382
2383
2491
2384
2385
2386
2387
2386
2387
2497
2388
2389
2388
2389
2500
2390
2391
2390
2391
2503
2392
2393
2394
2395
2394
2395
2509
2396
2397
2396
2397
2512
2398
2399
2398
2399
2515
2402
2403
2400
2405
2406
2401
2408
2409
2404
2410
2411
2407
2414
2415
2412
2417
2418
2413
2420
2421
2416
2422
2423
2419
2426
2427
2424
2429
2430
2425
2432
2433
2428
2434
2435
2431
2438
2439
2436
2441
2442
2437
2444
2445
2440
2446
2447
2443
2450
2451
2448
2453
2454
2449
2456
2457
2452
2458
2459
2455
2462
2463
2460
2465
2466
2461
2468
2469
2464
2470
2471
2467
2474
2475
2472
2477
2478
2473
2480
2481
2476
2482
2483
2479
2486
2487
2484
2489
2490
2485
2492
2493
2488
2494
2495
2491
2498
2499
2496
2501
2502
2497
2504
2505
2500
2506
2507
2503
2510
2511
2508
2513
2514
2509
2516
2517
2512
2518
2519
2515
2530
2531
2532
2533
2532
2533
2621
2534
2535
2534
2535
2624
2536
2537
2536
2537
2627
2526
2538
2630
2539
2540
2541
2542
2541
2542
2634
2543
2544
2543
2544
2637
2545
2546
2545
2546
2640
2525
2547
2643
2548
2549
2550
2551
2550
2551
2647
2552
2553
2552
2553
2650
2554
2555
2554
2555
2653
2527
2556
2656
2557
2558
2559
2560
2559
2560
2660
2561
2562
2561
2562
2663
2563
2564
2563
2564
2666
2528
2565
2669
2566
2567
2568
2569
2568
2569
2673
2570
2571
2570
2571
2676
2572
2573
2572
2573
2679
2529
2574
2682
2575
2576
2577
2578
2577
2578
2686
2579
2580
2579
2580
2689
2581
2582
2581
2582
2692
2520
2583
2695
2584
2585
2586
2587
2586
2587
2699
2588
2589
2588
2589
2702
2590
2591
2590
2591
2705
2521
2592
2708
2593
2594
2595
2596
2595
2596
2712
2597
2598
2597
2598
2715
2599
2600
2599
2600
2718
2522
2601
2721
2602
2603
2604
2605
2604
2605
2725
2606
2607
2606
2607
2728
2608
2609
2608
2609
2731
2523
2610
2734
2611
2612
2613
2614
2613
2614
2738
2615
2616
2615
2616
2741
2617
2618
2617
2618
2744
2524
2619
2747
6407
6429
6451
6473
6495
6517
6534
6539
6561
6583
2622
2623
2620
2625
2626
2621
2628
2629
2624
2631
2632
2627
2630
2635
2636
2633
2638
2639
2634
2641
2642
2637
2644
2645
2640
2643
2648
2649
2646
2651
2652
2647
2654
2655
2650
2657
2658
2653
2656
2661
2662
2659
2664
2665
2660
2667
2668
2663
2670
2671
2666
2669
2674
2675
2672
2677
2678
2673
2680
2681
2676
2683
2684
2679
2682
2687
2688
2685
2690
2691
2686
2693
2694
2689
2696
2697
2692
2695
2700
2701
2698
2703
2704
2699
2706
2707
2702
2709
2710
2705
2708
2713
2714
2711
2716
2717
2712
2719
2720
2715
2722
2723
2718
2721
2726
2727
2724
2729
2730
2725
2732
2733
2728
2735
2736
2731
2734
2739
2740
2737
2742
2743
2738
2745
2746
2741
2748
2749
2744
2747
2750
2751
2752
2753
2752
2753
2851
2754
2755
2754
2755
2854
2756
2757
2756
2757
2857
2758
2759
2758
2759
2860
2760
2761
2762
2763
2762
2763
2866
2764
2765
2764
2765
2869
2766
2767
2766
2767
2872
2768
2769
2768
2769
2875
2770
2771
2772
2773
2772
2773
2881
2774
2775
2774
2775
2884
2776
2777
2776
2777
2887
2778
2779
2778
2779
2890
2780
2781
2782
2783
2782
2783
2896
2784
2785
2784
2785
2899
2786
2787
2786
2787
2902
2788
2789
2788
2789
2905
2790
2791
2792
2793
2792
2793
2911
2794
2795
2794
2795
2914
2796
2797
2796
2797
2917
2798
2799
2798
2799
2920
2800
2801
2802
2803
2802
2803
2926
2804
2805
2804
2805
2929
2806
2807
2806
2807
2932
2808
2809
2808
2809
2935
2810
2811
2812
2813
2812
2813
2941
2814
2815
2814
2815
2944
2816
2817
2816
2817
2947
2818
2819
2818
2819
2950
2820
2821
2822
2823
2822
2823
2956
2824
2825
2824
2825
2959
2826
2827
2826
2827
2962
2828
2829
2828
2829
2965
2830
2831
2832
2833
2832
2833
2971
2834
2835
2834
2835
2974
2836
2837
2836
2837
2977
2838
2839
2838
2839
2980
2840
2841
2842
2843
2842
2843
2986
2844
2845
2844
2845
2989
2846
2847
2846
2847
2992
2848
2849
2848
2849
2995
2852
2853
2850
2855
2856
2851
2858
2859
2854
2861
2862
2857
2863
2864
2860
2867
2868
2865
2870
2871
2866
2873
2874
2869
2876
2877
2872
2878
2879
2875
2882
2883
2880
2885
2886
2881
2888
2889
2884
2891
2892
2887
2893
2894
2890
2897
2898
2895
2900
2901
2896
2903
2904
2899
2906
2907
2902
2908
2909
2905
2912
2913
2910
2915
2916
2911
2918
2919
2914
2921
2922
2917
2923
2924
2920
2927
2928
2925
2930
2931
2926
2933
2934
2929
2936
2937
2932
2938
2939
2935
2942
2943
2940
2945
2946
2941
2948
2949
2944
2951
2952
2947
2953
2954
2950
2957
2958
2955
2960
2961
2956
2963
2964
2959
2966
2967
2962
2968
2969
2965
2972
2973
2970
2975
2976
2971
2978
2979
2974
2981
2982
2977
2983
2984
2980
2987
2988
2985
2990
2991
2986
2993
2994
2989
2996
2997
2992
2998
2999
2995
3012
3013
3010
3011
3010
3011
3120
3014
3015
3014
3015
3121
3016
3017
3016
3017
3124
3018
3019
3018
3019
3127
3007
3020
3130
3023
3024
3021
3022
3021
3022
3133
3025
3026
3025
3026
3134
3027
3028
3027
3028
3137
3029
3030
3029
3030
3140
3005
3031
3143
3034
3035
3032
3033
3032
3033
3146
3036
3037
3036
3037
3147
3038
3039
3038
3039
3150
3040
3041
3040
3041
3153
3006
3042
3156
3045
3046
3043
3044
3043
3044
3159
3047
3048
3047
3048
3160
3049
3050
3049
3050
3163
3051
3052
3051
3052
3166
3008
3053
3169
3056
3057
3054
3055
3054
3055
3172
3058
3059
3058
3059
3173
3060
3061
3060
3061
3176
3062
3063
3062
3063
3179
3009
3064
3182
3067
3068
3065
3066
3065
3066
3185
3069
3070
3069
3070
3186
3071
3072
3071
3072
3189
3073
3074
3073
3074
3192
3000
3075
3195
3078
3079
3076
3077
3076
3077
3198
3080
3081
3080
3081
3199
3082
3083
3082
3083
3202
3084
3085
3084
3085
3205
3001
3086
3208
3089
3090
3087
3088
3087
3088
3211
3091
3092
3091
3092
3212
3093
3094
3093
3094
3215
3095
3096
3095
3096
3218
3002
3097
3221
3100
3101
3098
3099
3098
3099
3224
3102
3103
3102
3103
3225
3104
3105
3104
3105
3228
3106
3107
3106
3107
3231
3003
3108
3234
3111
3112
3109
3110
3109
3110
3237
3113
3114
3113
3114
3238
3115
3116
3115
3116
3241
3117
3118
3117
3118
3244
3004
3119
3247
6408
6430
6452
6474
6496
6518
6540
6545
6562
6584
3122
3123
3120
3250
3251
3350
3125
3126
3121
3128
3129
3124
3131
3132
3127
3130
3135
3136
3133
3260
3261
3365
3138
3139
3134
3141
3142
3137
3144
3145
3140
3143
3148
3149
3146
3270
3271
3380
3151
3152
3147
3154
3155
3150
3157
3158
3153
3156
3161
3162
3159
3280
3281
3395
3164
3165
3160
3167
3168
3163
3170
3171
3166
3169
3174
3175
3172
3290
3291
3410
3177
3178
3173
3180
3181
3176
3183
3184
3179
3182
3187
3188
3185
3300
3301
3425
3190
3191
3186
3193
3194
3189
3196
3197
3192
3195
3200
3201
3198
3310
3311
3440
3203
3204
3199
3206
3207
3202
3209
3210
3205
3208
3213
3214
3211
3320
3321
3455
3216
3217
3212
3219
3220
3215
3222
3223
3218
3221
3226
3227
3224
3330
3331
3470
3229
3230
3225
3232
3233
3228
3235
3236
3231
3234
3239
3240
3237
3340
3341
3485
3242
3243
3238
3245
3246
3241
3248
3249
3244
3247
3250
3251
3252
3253
3252
3253
3351
3254
3255
3254
3255
3354
3256
3257
3256
3257
3357
3258
3259
3258
3259
3360
3260
3261
3262
3263
3262
3263
3366
3264
3265
3264
3265
3369
3266
3267
3266
3267
3372
3268
3269
3268
3269
3375
3270
3271
3272
3273
3272
3273
3381
3274
3275
3274
3275
3384
3276
3277
3276
3277
3387
3278
3279
3278
3279
3390
3280
3281
3282
3283
3282
3283
3396
3284
3285
3284
3285
3399
3286
3287
3286
3287
3402
3288
3289
3288
3289
3405
3290
3291
3292
3293
3292
3293
3411
3294
3295
3294
3295
3414
3296
3297
3296
3297
3417
3298
3299
3298
3299
3420
3300
3301
3302
3303
3302
3303
3426
3304
3305
3304
3305
3429
3306
3307
3306
3307
3432
3308
3309
3308
3309
3435
3310
3311
3312
3313
3312
3313
3441
3314
3315
3314
3315
3444
3316
3317
3316
3317
3447
3318
3319
3318
3319
3450
3320
3321
3322
3323
3322
3323
3456
3324
3325
3324
3325
3459
3326
3327
3326
3327
3462
3328
3329
3328
3329
3465
3330
3331
3332
3333
3332
3333
3471
3334
3335
3334
3335
3474
3336
3337
3336
3337
3477
3338
3339
3338
3339
3480
3340
3341
3342
3343
3342
3343
3486
3344
3345
3344
3345
3489
3346
3347
3346
3347
3492
3348
3349
3348
3349
3495
3352
3353
3350
3355
3356
3351
3358
3359
3354
3361
3362
3357
3363
3364
3360
3367
3368
3365
3370
3371
3366
3373
3374
3369
3376
3377
3372
3378
3379
3375
3382
3383
3380
3385
3386
3381
3388
3389
3384
3391
3392
3387
3393
3394
3390
3397
3398
3395
3400
3401
3396
3403
3404
3399
3406
3407
3402
3408
3409
3405
3412
3413
3410
3415
3416
3411
3418
3419
3414
3421
3422
3417
3423
3424
3420
3427
3428
3425
3430
3431
3426
3433
3434
3429
3436
3437
3432
3438
3439
3435
3442
3443
3440
3445
3446
3441
3448
3449
3444
3451
3452
3447
3453
3454
3450
3457
3458
3455
3460
3461
3456
3463
3464
3459
3466
3467
3462
3468
3469
3465
3472
3473
3470
3475
3476
3471
3478
3479
3474
3481
3482
3477
3483
3484
3480
3487
3488
3485
3490
3491
3486
3493
3494
3489
3496
3497
3492
3498
3499
3495
3512
3513
3510
3511
3510
3511
3620
3514
3515
3514
3515
3621
3516
3517
3516
3517
3624
3518
3519
3518
3519
3627
3507
3520
3630
3523
3524
3521
3522
3521
3522
3633
3525
3526
3525
3526
3634
3527
3528
3527
3528
3637
3529
3530
3529
3530
3640
3505
3531
3643
3534
3535
3532
3533
3532
3533
3646
3536
3537
3536
3537
3647
3538
3539
3538
3539
3650
3540
3541
3540
3541
3653
3506
3542
3656
3545
3546
3543
3544
3543
3544
3659
3547
3548
3547
3548
3660
3549
3550
3549
3550
3663
3551
3552
3551
3552
3666
3508
3553
3669
3556
3557
3554
3555
3554
3555
3672
3558
3559
3558
3559
3673
3560
3561
3560
3561
3676
3562
3563
3562
3563
3679
3509
3564
3682
3567
3568
3565
3566
3565
3566
3685
3569
3570
3569
3570
3686
3571
3572
3571
3572
3689
3573
3574
3573
3574
3692
3500
3575
3695
3578
3579
3576
3577
3576
3577
3698
3580
3581
3580
3581
3699
3582
3583
3582
3583
3702
3584
3585
3584
3585
3705
3501
3586
3708
3589
3590
3587
3588
3587
3588
3711
3591
3592
3591
3592
3712
3593
3594
3593
3594
3715
3595
3596
3595
3596
3718
3502
3597
3721
3600
3601
3598
3599
3598
3599
3724
3602
3603
3602
3603
3725
3604
3605
3604
3605
3728
3606
3607
3606
3607
3731
3503
3608
3734
3611
3612
3609
3610
3609
3610
3737
3613
3614
3613
3614
3738
3615
3616
3615
3616
3741
3617
3618
3617
3618
3744
3504
3619
3747
6409
6431
6453
6475
6497
6519
6541
6556
6563
6585
3622
3623
3620
3750
3751
3850
3625
3626
3621
3628
3629
3624
3631
3632
3627
3630
3635
3636
3633
3760
3761
3865
3638
3639
3634
3641
3642
3637
3644
3645
3640
3643
3648
3649
3646
3770
3771
3880
3651
3652
3647
3654
3655
3650
3657
3658
3653
3656
3661
3662
3659
3780
3781
3895
3664
3665
3660
3667
3668
3663
3670
3671
3666
3669
3674
3675
3672
3790
3791
3910
3677
3678
3673
3680
3681
3676
3683
3684
3679
3682
3687
3688
3685
3800
3801
3925
3690
3691
3686
3693
3694
3689
3696
3697
3692
3695
3700
3701
3698
3810
3811
3940
3703
3704
3699
3706
3707
3702
3709
3710
3705
3708
3713
3714
3711
3820
3821
3955
3716
3717
3712
3719
3720
3715
3722
3723
3718
3721
3726
3727
3724
3830
3831
3970
3729
3730
3725
3732
3733
3728
3735
3736
3731
3734
3739
3740
3737
3840
3841
3985
3742
3743
3738
3745
3746
3741
3748
3749
3744
3747
3750
3751
3752
3753
3752
3753
3851
3754
3755
3754
3755
3854
3756
3757
3756
3757
3857
3758
3759
3758
3759
3860
3760
3761
3762
3763
3762
3763
3866
3764
3765
3764
3765
3869
3766
3767
3766
3767
3872
3768
3769
3768
3769
3875
3770
3771
3772
3773
3772
3773
3881
3774
3775
3774
3775
3884
3776
3777
3776
3777
3887
3778
3779
3778
3779
3890
3780
3781
3782
3783
3782
3783
3896
3784
3785
3784
3785
3899
3786
3787
3786
3787
3902
3788
3789
3788
3789
3905
3790
3791
3792
3793
3792
3793
3911
3794
3795
3794
3795
3914
3796
3797
3796
3797
3917
3798
3799
3798
3799
3920
3800
3801
3802
3803
3802
3803
3926
3804
3805
3804
3805
3929
3806
3807
3806
3807
3932
3808
3809
3808
3809
3935
3810
3811
3812
3813
3812
3813
3941
3814
3815
3814
3815
3944
3816
3817
3816
3817
3947
3818
3819
3818
3819
3950
3820
3821
3822
3823
3822
3823
3956
3824
3825
3824
3825
3959
3826
3827
3826
3827
3962
3828
3829
3828
3829
3965
3830
3831
3832
3833
3832
3833
3971
3834
3835
3834
3835
3974
3836
3837
3836
3837
3977
3838
3839
3838
3839
3980
3840
3841
3842
3843
3842
3843
3986
3844
3845
3844
3845
3989
3846
3847
3846
3847
3992
3848
3849
3848
3849
3995
3852
3853
3850
3855
3856
3851
3858
3859
3854
3861
3862
3857
3863
3864
3860
3867
3868
3865
3870
3871
3866
3873
3874
3869
3876
3877
3872
3878
3879
3875
3882
3883
3880
3885
3886
3881
3888
3889
3884
3891
3892
3887
3893
3894
3890
3897
3898
3895
3900
3901
3896
3903
3904
3899
3906
3907
3902
3908
3909
3905
3912
3913
3910
3915
3916
3911
3918
3919
3914
3921
3922
3917
3923
3924
3920
3927
3928
3925
3930
3931
3926
3933
3934
3929
3936
3937
3932
3938
3939
3935
3942
3943
3940
3945
3946
3941
3948
3949
3944
3951
3952
3947
3953
3954
3950
3957
3958
3955
3960
3961
3956
3963
3964
3959
3966
3967
3962
3968
3969
3965
3972
3973
3970
3975
3976
3971
3978
3979
3974
3981
3982
3977
3983
3984
3980
3987
3988
3985
3990
3991
3986
3993
3994
3989
3996
3997
3992
3998
3999
3995
4012
4013
4010
4011
4010
4011
4120
4014
4015
4014
4015
4121
4016
4017
4016
4017
4124
4018
4019
4018
4019
4127
4008
4020
4130
4023
4024
4021
4022
4021
4022
4133
4025
4026
4025
4026
4134
4027
4028
4027
4028
4137
4029
4030
4029
4030
4140
4005
4031
4143
4034
4035
4032
4033
4032
4033
4146
4036
4037
4036
4037
4147
4038
4039
4038
4039
4150
4040
4041
4040
4041
4153
4006
4042
4156
4045
4046
4043
4044
4043
4044
4159
4047
4048
4047
4048
4160
4049
4050
4049
4050
4163
4051
4052
4051
4052
4166
4007
4053
4169
4056
4057
4054
4055
4054
4055
4172
4058
4059
4058
4059
4173
4060
4061
4060
4061
4176
4062
4063
4062
4063
4179
4009
4064
4182
4067
4068
4065
4066
4065
4066
4185
4069
4070
4069
4070
4186
4071
4072
4071
4072
4189
4073
4074
4073
4074
4192
4000
4075
4195
4078
4079
4076
4077
4076
4077
4198
4080
4081
4080
4081
4199
4082
4083
4082
4083
4202
4084
4085
4084
4085
4205
4001
4086
4208
4089
4090
4087
4088
4087
4088
4211
4091
4092
4091
4092
4212
4093
4094
4093
4094
4215
4095
4096
4095
4096
4218
4002
4097
4221
4100
4101
4098
4099
4098
4099
4224
4102
4103
4102
4103
4225
4104
4105
4104
4105
4228
4106
4107
4106
4107
4231
4003
4108
4234
4111
4112
4109
4110
4109
4110
4237
4113
4114
4113
4114
4238
4115
4116
4115
4116
4241
4117
4118
4117
4118
4244
4004
4119
4247
6410
6432
6454
6476
6498
6520
6542
6564
6567
6586
4122
4123
4120
4250
4251
4350
4125
4126
4121
4128
4129
4124
4131
4132
4127
4130
4135
4136
4133
4260
4261
4365
4138
4139
4134
4141
4142
4137
4144
4145
4140
4143
4148
4149
4146
4270
4271
4380
4151
4152
4147
4154
4155
4150
4157
4158
4153
4156
4161
4162
4159
4280
4281
4395
4164
4165
4160
4167
4168
4163
4170
4171
4166
4169
4174
4175
4172
4290
4291
4410
4177
4178
4173
4180
4181
4176
4183
4184
4179
4182
4187
4188
4185
4300
4301
4425
4190
4191
4186
4193
4194
4189
4196
4197
4192
4195
4200
4201
4198
4310
4311
4440
4203
4204
4199
4206
4207
4202
4209
4210
4205
4208
4213
4214
4211
4320
4321
4455
4216
4217
4212
4219
4220
4215
4222
4223
4218
4221
4226
4227
4224
4330
4331
4470
4229
4230
4225
4232
4233
4228
4235
4236
4231
4234
4239
4240
4237
4340
4341
4485
4242
4243
4238
4245
4246
4241
4248
4249
4244
4247
4250
4251
4252
4253
4252
4253
4351
4254
4255
4254
4255
4354
4256
4257
4256
4257
4357
4258
4259
4258
4259
4360
4260
4261
4262
4263
4262
4263
4366
4264
4265
4264
4265
4369
4266
4267
4266
4267
4372
4268
4269
4268
4269
4375
4270
4271
4272
4273
4272
4273
4381
4274
4275
4274
4275
4384
4276
4277
4276
4277
4387
4278
4279
4278
4279
4390
4280
4281
4282
4283
4282
4283
4396
4284
4285
4284
4285
4399
4286
4287
4286
4287
4402
4288
4289
4288
4289
4405
4290
4291
4292
4293
4292
4293
4411
4294
4295
4294
4295
4414
4296
4297
4296
4297
4417
4298
4299
4298
4299
4420
4300
4301
4302
4303
4302
4303
4426
4304
4305
4304
4305
4429
4306
4307
4306
4307
4432
4308
4309
4308
4309
4435
4310
4311
4312
4313
4312
4313
4441
4314
4315
4314
4315
4444
4316
4317
4316
4317
4447
4318
4319
4318
4319
4450
4320
4321
4322
4323
4322
4323
4456
4324
4325
4324
4325
4459
4326
4327
4326
4327
4462
4328
4329
4328
4329
4465
4330
4331
4332
4333
4332
4333
4471
4334
4335
4334
4335
4474
4336
4337
4336
4337
4477
4338
4339
4338
4339
4480
4340
4341
4342
4343
4342
4343
4486
4344
4345
4344
4345
4489
4346
4347
4346
4347
4492
4348
4349
4348
4349
4495
4352
4353
4350
4355
4356
4351
4358
4359
4354
4361
4362
4357
4363
4364
4360
4367
4368
4365
4370
4371
4366
4373
4374
4369
4376
4377
4372
4378
4379
4375
4382
4383
4380
4385
4386
4381
4388
4389
4384
4391
4392
4387
4393
4394
4390
4397
4398
4395
4400
4401
4396
4403
4404
4399
4406
4407
4402
4408
4409
4405
4412
4413
4410
4415
4416
4411
4418
4419
4414
4421
4422
4417
4423
4424
4420
4427
4428
4425
4430
4431
4426
4433
4434
4429
4436
4437
4432
4438
4439
4435
4442
4443
4440
4445
4446
4441
4448
4449
4444
4451
4452
4447
4453
4454
4450
4457
4458
4455
4460
4461
4456
4463
4464
4459
4466
4467
4462
4468
4469
4465
4472
4473
4470
4475
4476
4471
4478
4479
4474
4481
4482
4477
4483
4484
4480
4487
4488
4485
4490
4491
4486
4493
4494
4489
4496
4497
4492
4498
4499
4495
4512
4513
4510
4511
4510
4511
4620
4514
4515
4514
4515
4621
4516
4517
4516
4517
4624
4518
4519
4518
4519
4627
4508
4520
4630
4523
4524
4521
4522
4521
4522
4633
4525
4526
4525
4526
4634
4527
4528
4527
4528
4637
4529
4530
4529
4530
4640
4505
4531
4643
4534
4535
4532
4533
4532
4533
4646
4536
4537
4536
4537
4647
4538
4539
4538
4539
4650
4540
4541
4540
4541
4653
4506
4542
4656
4545
4546
4543
4544
4543
4544
4659
4547
4548
4547
4548
4660
4549
4550
4549
4550
4663
4551
4552
4551
4552
4666
4507
4553
4669
4556
4557
4554
4555
4554
4555
4672
4558
4559
4558
4559
4673
4560
4561
4560
4561
4676
4562
4563
4562
4563
4679
4509
4564
4682
4567
4568
4565
4566
4565
4566
4685
4569
4570
4569
4570
4686
4571
4572
4571
4572
4689
4573
4574
4573
4574
4692
4500
4575
4695
4578
4579
4576
4577
4576
4577
4698
4580
4581
4580
4581
4699
4582
4583
4582
4583
4702
4584
4585
4584
4585
4705
4501
4586
4708
4589
4590
4587
4588
4587
4588
4711
4591
4592
4591
4592
4712
4593
4594
4593
4594
4715
4595
4596
4595
4596
4718
4502
4597
4721
4600
4601
4598
4599
4598
4599
4724
4602
4603
4602
4603
4725
4604
4605
4604
4605
4728
4606
4607
4606
4607
4731
4503
4608
4734
4611
4612
4609
4610
4609
4610
4737
4613
4614
4613
4614
4738
4615
4616
4615
4616
4741
4617
4618
4617
4618
4744
4504
4619
4747
6411
6433
6455
6477
6499
6521
6543
6565
6578
6587
4622
4623
4620
4750
4751
4850
4625
4626
4621
4628
4629
4624
4631
4632
4627
4630
4635
4636
4633
4760
4761
4865
4638
4639
4634
4641
4642
4637
4644
4645
4640
4643
4648
4649
4646
4770
4771
4880
4651
4652
4647
4654
4655
4650
4657
4658
4653
4656
4661
4662
4659
4780
4781
4895
4664
4665
4660
4667
4668
4663
4670
4671
4666
4669
4674
4675
4672
4790
4791
4910
4677
4678
4673
4680
4681
4676
4683
4684
4679
4682
4687
4688
4685
4800
4801
4925
4690
4691
4686
4693
4694
4689
4696
4697
4692
4695
4700
4701
4698
4810
4811
4940
4703
4704
4699
4706
4707
4702
4709
4710
4705
4708
4713
4714
4711
4820
4821
4955
4716
4717
4712
4719
4720
4715
4722
4723
4718
4721
4726
4727
4724
4830
4831
4970
4729
4730
4725
4732
4733
4728
4735
4736
4731
4734
4739
4740
4737
4840
4841
4985
4742
4743
4738
4745
4746
4741
4748
4749
4744
4747
4750
4751
4752
4753
4752
4753
4851
4754
4755
4754
4755
4854
4756
4757
4756
4757
4857
4758
4759
4758
4759
4860
4760
4761
4762
4763
4762
4763
4866
4764
4765
4764
4765
4869
4766
4767
4766
4767
4872
4768
4769
4768
4769
4875
4770
4771
4772
4773
4772
4773
4881
4774
4775
4774
4775
4884
4776
4777
4776
4777
4887
4778
4779
4778
4779
4890
4780
4781
4782
4783
4782
4783
4896
4784
4785
4784
4785
4899
4786
4787
4786
4787
4902
4788
4789
4788
4789
4905
4790
4791
4792
4793
4792
4793
4911
4794
4795
4794
4795
4914
4796
4797
4796
4797
4917
4798
4799
4798
4799
4920
4800
4801
4802
4803
4802
4803
4926
4804
4805
4804
4805
4929
4806
4807
4806
4807
4932
4808
4809
4808
4809
4935
4810
4811
4812
4813
4812
4813
4941
4814
4815
4814
4815
4944
4816
4817
4816
4817
4947
4818
4819
4818
4819
4950
4820
4821
4822
4823
4822
4823
4956
4824
4825
4824
4825
4959
4826
4827
4826
4827
4962
4828
4829
4828
4829
4965
4830
4831
4832
4833
4832
4833
4971
4834
4835
4834
4835
4974
4836
4837
4836
4837
4977
4838
4839
4838
4839
4980
4840
4841
4842
4843
4842
4843
4986
4844
4845
4844
4845
4989
4846
4847
4846
4847
4992
4848
4849
4848
4849
4995
4852
4853
4850
4855
4856
4851
4858
4859
4854
4861
4862
4857
4863
4864
4860
4867
4868
4865
4870
4871
4866
4873
4874
4869
4876
4877
4872
4878
4879
4875
4882
4883
4880
4885
4886
4881
4888
4889
4884
4891
4892
4887
4893
4894
4890
4897
4898
4895
4900
4901
4896
4903
4904
4899
4906
4907
4902
4908
4909
4905
4912
4913
4910
4915
4916
4911
4918
4919
4914
4921
4922
4917
4923
4924
4920
4927
4928
4925
4930
4931
4926
4933
4934
4929
4936
4937
4932
4938
4939
4935
4942
4943
4940
4945
4946
4941
4948
4949
4944
4951
4952
4947
4953
4954
4950
4957
4958
4955
4960
4961
4956
4963
4964
4959
4966
4967
4962
4968
4969
4965
4972
4973
4970
4975
4976
4971
4978
4979
4974
4981
4982
4977
4983
4984
4980
4987
4988
4985
4990
4991
4986
4993
4994
4989
4996
4997
4992
4998
4999
4995
5012
5013
5010
5011
5010
5011
5120
5014
5015
5014
5015
5121
5016
5017
5016
5017
5124
5018
5019
5018
5019
5127
5009
5020
5130
5023
5024
5021
5022
5021
5022
5133
5025
5026
5025
5026
5134
5027
5028
5027
5028
5137
5029
5030
5029
5030
5140
5005
5031
5143
5034
5035
5032
5033
5032
5033
5146
5036
5037
5036
5037
5147
5038
5039
5038
5039
5150
5040
5041
5040
5041
5153
5006
5042
5156
5045
5046
5043
5044
5043
5044
5159
5047
5048
5047
5048
5160
5049
5050
5049
5050
5163
5051
5052
5051
5052
5166
5007
5053
5169
5056
5057
5054
5055
5054
5055
5172
5058
5059
5058
5059
5173
5060
5061
5060
5061
5176
5062
5063
5062
5063
5179
5008
5064
5182
5067
5068
5065
5066
5065
5066
5185
5069
5070
5069
5070
5186
5071
5072
5071
5072
5189
5073
5074
5073
5074
5192
5000
5075
5195
5078
5079
5076
5077
5076
5077
5198
5080
5081
5080
5081
5199
5082
5083
5082
5083
5202
5084
5085
5084
5085
5205
5001
5086
5208
5089
5090
5087
5088
5087
5088
5211
5091
5092
5091
5092
5212
5093
5094
5093
5094
5215
5095
5096
5095
5096
5218
5002
5097
5221
5100
5101
5098
5099
5098
5099
5224
5102
5103
5102
5103
5225
5104
5105
5104
5105
5228
5106
5107
5106
5107
5231
5003
5108
5234
5111
5112
5109
5110
5109
5110
5237
5113
5114
5113
5114
5238
5115
5116
5115
5116
5241
5117
5118
5117
5118
5244
5004
5119
5247
6412
6434
6456
6478
6500
6522
6544
6566
6588
6589
5122
5123
5120
5260
5261
5350
5125
5126
5121
5128
5129
5124
5131
5132
5127
5130
5135
5136
5133
5269
5270
5363
5138
5139
5134
5141
5142
5137
5144
5145
5140
5143
5148
5149
5146
5278
5279
5376
5151
5152
5147
5154
5155
5150
5157
5158
5153
5156
5161
5162
5159
5287
5288
5389
5164
5165
5160
5167
5168
5163
5170
5171
5166
5169
5174
5175
5172
5296
5297
5402
5177
5178
5173
5180
5181
5176
5183
5184
5179
5182
5187
5188
5185
5305
5306
5415
5190
5191
5186
5193
5194
5189
5196
5197
5192
5195
5200
5201
5198
5314
5315
5428
5203
5204
5199
5206
5207
5202
5209
5210
5205
5208
5213
5214
5211
5323
5324
5441
5216
5217
5212
5219
5220
5215
5222
5223
5218
5221
5226
5227
5224
5332
5333
5454
5229
5230
5225
5232
5233
5228
5235
5236
5231
5234
5239
5240
5237
5341
5342
5467
5242
5243
5238
5245
5246
5241
5248
5249
5244
5247
5260
5261
5262
5263
5262
5263
5351
5264
5265
5264
5265
5354
5266
5267
5266
5267
5357
5250
5268
5250
5268
5360
5269
5270
5271
5272
5271
5272
5364
5273
5274
5273
5274
5367
5275
5276
5275
5276
5370
5256
5277
5256
5277
5373
5278
5279
5280
5281
5280
5281
5377
5282
5283
5282
5283
5380
5284
5285
5284
5285
5383
5257
5286
5257
5286
5386
5287
5288
5289
5290
5289
5290
5390
5291
5292
5291
5292
5393
5293
5294
5293
5294
5396
5258
5295
5258
5295
5399
5296
5297
5298
5299
5298
5299
5403
5300
5301
5300
5301
5406
5302
5303
5302
5303
5409
5259
5304
5259
5304
5412
5305
5306
5307
5308
5307
5308
5416
5309
5310
5309
5310
5419
5311
5312
5311
5312
5422
5251
5313
5251
5313
5425
5314
5315
5316
5317
5316
5317
5429
5318
5319
5318
5319
5432
5320
5321
5320
5321
5435
5252
5322
5252
5322
5438
5323
5324
5325
5326
5325
5326
5442
5327
5328
5327
5328
5445
5329
5330
5329
5330
5448
5253
5331
5253
5331
5451
5332
5333
5334
5335
5334
5335
5455
5336
5337
5336
5337
5458
5338
5339
5338
5339
5461
5254
5340
5254
5340
5464
5341
5342
5343
5344
5343
5344
5468
5345
5346
5345
5346
5471
5347
5348
5347
5348
5474
5255
5349
5255
5349
5477
6402
6414
6436
6458
6480
6502
6524
6546
6568
6590
5352
5353
5350
5355
5356
5351
5358
5359
5354
5361
5362
5357
5360
5365
5366
5363
5368
5369
5364
5371
5372
5367
5374
5375
5370
5373
5378
5379
5376
5381
5382
5377
5384
5385
5380
5387
5388
5383
5386
5391
5392
5389
5394
5395
5390
5397
5398
5393
5400
5401
5396
5399
5404
5405
5402
5407
5408
5403
5410
5411
5406
5413
5414
5409
5412
5417
5418
5415
5420
5421
5416
5423
5424
5419
5426
5427
5422
5425
5430
5431
5428
5433
5434
5429
5436
5437
5432
5439
5440
5435
5438
5443
5444
5441
5446
5447
5442
5449
5450
5445
5452
5453
5448
5451
5456
5457
5454
5459
5460
5455
5462
5463
5458
5465
5466
5461
5464
5469
5470
5467
5472
5473
5468
5475
5476
5471
5478
5479
5474
5477
5492
5493
5490
5491
5490
5491
5580
5494
5495
5494
5495
5581
5496
5497
5496
5497
5584
5480
5498
5480
5498
5587
5501
5502
5499
5500
5499
5500
5590
5503
5504
5503
5504
5591
5505
5506
5505
5506
5594
5486
5507
5486
5507
5597
5510
5511
5508
5509
5508
5509
5600
5512
5513
5512
5513
5601
5514
5515
5514
5515
5604
5487
5516
5487
5516
5607
5519
5520
5517
5518
5517
5518
5610
5521
5522
5521
5522
5611
5523
5524
5523
5524
5614
5488
5525
5488
5525
5617
5528
5529
5526
5527
5526
5527
5620
5530
5531
5530
5531
5621
5532
5533
5532
5533
5624
5489
5534
5489
5534
5627
5537
5538
5535
5536
5535
5536
5630
5539
5540
5539
5540
5631
5541
5542
5541
5542
5634
5481
5543
5481
5543
5637
5546
5547
5544
5545
5544
5545
5640
5548
5549
5548
5549
5641
5550
5551
5550
5551
5644
5482
5552
5482
5552
5647
5555
5556
5553
5554
5553
5554
5650
5557
5558
5557
5558
5651
5559
5560
5559
5560
5654
5483
5561
5483
5561
5657
5564
5565
5562
5563
5562
5563
5660
5566
5567
5566
5567
5661
5568
5569
5568
5569
5664
5484
5570
5484
5570
5667
5573
5574
5571
5572
5571
5572
5670
5575
5576
5575
5576
5671
5577
5578
5577
5578
5674
5485
5579
5485
5579
5677
6413
6415
6437
6459
6481
6503
6525
6547
6569
6591
5582
5583
5580
5690
5691
5760
5585
5586
5581
5588
5589
5584
5587
5592
5593
5590
5697
5698
5770
5595
5596
5591
5598
5599
5594
5597
5602
5603
5600
5704
5705
5780
5605
5606
5601
5608
5609
5604
5607
5612
5613
5610
5711
5712
5790
5615
5616
5611
5618
5619
5614
5617
5622
5623
5620
5718
5719
5800
5625
5626
5621
5628
5629
5624
5627
5632
5633
5630
5725
5726
5810
5635
5636
5631
5638
5639
5634
5637
5642
5643
5640
5732
5733
5820
5645
5646
5641
5648
5649
5644
5647
5652
5653
5650
5739
5740
5830
5655
5656
5651
5658
5659
5654
5657
5662
5663
5660
5746
5747
5840
5665
5666
5661
5668
5669
5664
5667
5672
5673
5670
5753
5754
5850
5675
5676
5671
5678
5679
5674
5677
5690
5691
5692
5693
5692
5693
5761
5694
5695
5694
5695
5764
5681
5696
5681
5696
5767
5697
5698
5699
5700
5699
5700
5771
5701
5702
5701
5702
5774
5686
5703
5686
5703
5777
5704
5705
5706
5707
5706
5707
5781
5708
5709
5708
5709
5784
5687
5710
5687
5710
5787
5711
5712
5713
5714
5713
5714
5791
5715
5716
5715
5716
5794
5688
5717
5688
5717
5797
5718
5719
5720
5721
5720
5721
5801
5722
5723
5722
5723
5804
5689
5724
5689
5724
5807
5725
5726
5727
5728
5727
5728
5811
5729
5730
5729
5730
5814
5680
5731
5680
5731
5817
5732
5733
5734
5735
5734
5735
5821
5736
5737
5736
5737
5824
5682
5738
5682
5738
5827
5739
5740
5741
5742
5741
5742
5831
5743
5744
5743
5744
5834
5683
5745
5683
5745
5837
5746
5747
5748
5749
5748
5749
5841
5750
5751
5750
5751
5844
5684
5752
5684
5752
5847
5753
5754
5755
5756
5755
5756
5851
5757
5758
5757
5758
5854
5685
5759
5685
5759
5857
6416
6424
6438
6460
6482
6504
6526
6548
6570
6592
5762
5763
5760
5765
5766
5761
5768
5769
5764
5767
5772
5773
5770
5775
5776
5771
5778
5779
5774
5777
5782
5783
5780
5785
5786
5781
5788
5789
5784
5787
5792
5793
5790
5795
5796
5791
5798
5799
5794
5797
5802
5803
5800
5805
5806
5801
5808
5809
5804
5807
5812
5813
5810
5815
5816
5811
5818
5819
5814
5817
5822
5823
5820
5825
5826
5821
5828
5829
5824
5827
5832
5833
5830
5835
5836
5831
5838
5839
5834
5837
5842
5843
5840
5845
5846
5841
5848
5849
5844
5847
5852
5853
5850
5855
5856
5851
5858
5859
5854
5857
5872
5873
5870
5871
5870
5871
5940
5874
5875
5874
5875
5941
5861
5876
5861
5876
5944
5879
5880
5877
5878
5877
5878
5947
5881
5882
5881
5882
5948
5866
5883
5866
5883
5951
5886
5887
5884
5885
5884
5885
5954
5888
5889
5888
5889
5955
5867
5890
5867
5890
5958
5893
5894
5891
5892
5891
5892
5961
5895
5896
5895
5896
5962
5868
5897
5868
5897
5965
5900
5901
5898
5899
5898
5899
5968
5902
5903
5902
5903
5969
5869
5904
5869
5904
5972
5907
5908
5905
5906
5905
5906
5975
5909
5910
5909
5910
5976
5860
5911
5860
5911
5979
5914
5915
5912
5913
5912
5913
5982
5916
5917
5916
5917
5983
5862
5918
5862
5918
5986
5921
5922
5919
5920
5919
5920
5989
5923
5924
5923
5924
5990
5863
5925
5863
5925
5993
5928
5929
5926
5927
5926
5927
5996
5930
5931
5930
5931
5997
5864
5932
5864
5932
6000
5935
5936
5933
5934
5933
5934
6003
5937
5938
5937
5938
6004
5865
5939
5865
5939
6007
6417
6435
6439
6461
6483
6505
6527
6549
6571
6593
5942
5943
5940
6020
6021
6070
5945
5946
5941
5944
5949
5950
5947
6025
6026
6077
5952
5953
5948
5951
5956
5957
5954
6030
6031
6084
5959
5960
5955
5958
5963
5964
5961
6035
6036
6091
5966
5967
5962
5965
5970
5971
5968
6040
6041
6098
5973
5974
5969
5972
5977
5978
5975
6045
6046
6105
5980
5981
5976
5979
5984
5985
5982
6050
6051
6112
5987
5988
5983
5986
5991
5992
5989
6055
6056
6119
5994
5995
5990
5993
5998
5999
5996
6060
6061
6126
6001
6002
5997
6000
6005
6006
6003
6065
6066
6133
6008
6009
6004
6007
6020
6021
6022
6023
6022
6023
6071
6012
6024
6012
6024
6074
6025
6026
6027
6028
6027
6028
6078
6016
6029
6016
6029
6081
6030
6031
6032
6033
6032
6033
6085
6017
6034
6017
6034
6088
6035
6036
6037
6038
6037
6038
6092
6018
6039
6018
6039
6095
6040
6041
6042
6043
6042
6043
6099
6019
6044
6019
6044
6102
6045
6046
6047
6048
6047
6048
6106
6010
6049
6010
6049
6109
6050
6051
6052
6053
6052
6053
6113
6011
6054
6011
6054
6116
6055
6056
6057
6058
6057
6058
6120
6013
6059
6013
6059
6123
6060
6061
6062
6063
6062
6063
6127
6014
6064
6014
6064
6130
6065
6066
6067
6068
6067
6068
6134
6015
6069
6015
6069
6137
6418
6440
6446
6462
6484
6506
6528
6550
6572
6594
6072
6073
6070
6075
6076
6071
6074
6079
6080
6077
6082
6083
6078
6081
6086
6087
6084
6089
6090
6085
6088
6093
6094
6091
6096
6097
6092
6095
6100
6101
6098
6103
6104
6099
6102
6107
6108
6105
6110
6111
6106
6109
6114
6115
6112
6117
6118
6113
6116
6121
6122
6119
6124
6125
6120
6123
6128
6129
6126
6131
6132
6127
6130
6135
6136
6133
6138
6139
6134
6137
6152
6153
6150
6151
6150
6151
6200
6142
6154
6142
6154
6201
6157
6158
6155
6156
6155
6156
6204
6146
6159
6146
6159
6205
6162
6163
6160
6161
6160
6161
6208
6147
6164
6147
6164
6209
6167
6168
6165
6166
6165
6166
6212
6148
6169
6148
6169
6213
6172
6173
6170
6171
6170
6171
6216
6149
6174
6149
6174
6217
6177
6178
6175
6176
6175
6176
6220
6140
6179
6140
6179
6221
6182
6183
6180
6181
6180
6181
6224
6141
6184
6141
6184
6225
6187
6188
6185
6186
6185
6186
6228
6143
6189
6143
6189
6229
6192
6193
6190
6191
6190
6191
6232
6144
6194
6144
6194
6233
6197
6198
6195
6196
6195
6196
6236
6145
6199
6145
6199
6237
6419
6441
6457
6463
6485
6507
6529
6551
6573
6595
6202
6203
6200
6250
6251
6280
6201
6206
6207
6204
6253
6254
6284
6205
6210
6211
6208
6256
6257
6288
6209
6214
6215
6212
6259
6260
6292
6213
6218
6219
6216
6262
6263
6296
6217
6222
6223
6220
6265
6266
6300
6221
6226
6227
6224
6268
6269
6304
6225
6230
6231
6228
6271
6272
6308
6229
6234
6235
6232
6274
6275
6312
6233
6238
6239
6236
6277
6278
6316
6237
6250
6251
6243
6252
6243
6252
6281
6253
6254
6246
6255
6246
6255
6285
6256
6257
6247
6258
6247
6258
6289
6259
6260
6248
6261
6248
6261
6293
6262
6263
6249
6264
6249
6264
6297
6265
6266
6240
6267
6240
6267
6301
6268
6269
6241
6270
6241
6270
6305
6271
6272
6242
6273
6242
6273
6309
6274
6275
6244
6276
6244
6276
6313
6277
6278
6245
6279
6245
6279
6317
6420
6442
6464
6468
6486
6508
6530
6552
6574
6596
6282
6283
6280
6281
6286
6287
6284
6285
6290
6291
6288
6289
6294
6295
6292
6293
6298
6299
6296
6297
6302
6303
6300
6301
6306
6307
6304
6305
6310
6311
6308
6309
6314
6315
6312
6313
6318
6319
6316
6317
6331
6332
6323
6330
6323
6330
6360
6334
6335
6326
6333
6326
6333
6361
6337
6338
6327
6336
6327
6336
6362
6340
6341
6328
6339
6328
6339
6363
6343
6344
6329
6342
6329
6342
6364
6346
6347
6320
6345
6320
6345
6365
6349
6350
6321
6348
6321
6348
6366
6352
6353
6322
6351
6322
6351
6367
6355
6356
6324
6354
6324
6354
6368
6358
6359
6325
6357
6325
6357
6369
6421
6443
6465
6479
6487
6509
6531
6553
6575
6597
6360
6374
6380
6394
6361
6376
6381
6396
6362
6377
6382
6397
6363
6378
6383
6398
6364
6379
6384
6399
6365
6370
6385
6390
6366
6371
6386
6391
6367
6372
6387
6392
6368
6373
6388
6393
6369
6375
6389
6395
6374
6380
6376
6381
6377
6382
6378
6383
6379
6384
6370
6385
6371
6386
6372
6387
6373
6388
6375
6389
6422
6444
6466
6488
6490
6510
6532
6554
6576
6598
6394
6396
6397
6398
6399
6390
6391
6392
6393
6395
6423
6445
6467
6489
6501
6511
6533
6555
6577
6599
