0 4
1 4
2 4
3 4
4 4
5 4
6 4
7 4
8 4
9 4
10 4
11 4
12 4
13 4
14 4
15 4
16 4
17 4
18 4
19 4
20 4
21 4
22 4
23 4
24 4
25 4
26 4
27 4
28 4
29 4
30 4
31 4
32 4
33 4
34 4
35 4
36 4
37 4
38 4
39 4
40 4
41 4
42 4
43 4
44 4
45 4
46 4
47 4
48 4
49 4
50 4
51 4
52 4
53 4
54 4
55 4
56 4
57 4
58 4
59 4
60 4
61 4
62 4
63 4
64 4
65 4
66 4
67 4
68 4
69 4
70 4
71 4
72 4
73 4
74 4
75 4
76 4
77 4
78 4
79 4
80 4
81 4
82 4
83 4
84 4
85 4
86 4
87 4
88 4
89 4
90 4
91 4
92 4
93 4
94 4
95 4
96 4
97 4
98 4
99 4
100 4
101 4
102 4
103 4
104 4
105 4
106 4
107 4
108 4
109 4
110 4
111 4
112 4
113 4
114 4
115 4
116 4
117 4
118 4
119 4
120 4
121 4
122 4
123 4
124 4
125 4
126 4
127 4
128 4
129 4
130 4
131 4
132 4
133 4
134 4
135 4
136 4
137 4
138 4
139 4
140 4
141 4
142 4
143 4
144 4
145 4
146 4
147 4
148 4
149 4
150 4
151 4
152 4
153 4
154 4
155 4
156 4
157 4
158 4
159 4
160 4
161 4
162 4
163 4
164 4
165 4
166 4
167 4
168 4
169 4
170 4
171 4
172 4
173 4
174 4
175 4
176 4
177 4
178 4
179 4
180 4
181 4
182 4
183 4
184 4
185 4
186 4
187 4
188 4
189 4
190 4
191 4
192 4
193 4
194 4
195 4
196 4
197 4
198 4
199 4
200 4
201 4
202 4
203 4
204 4
205 4
206 4
207 4
208 4
209 4
210 4
211 4
212 4
213 4
214 4
215 4
216 4
217 4
218 4
219 4
220 4
221 4
222 4
223 4
224 4
225 4
226 4
227 4
228 4
229 4
230 4
231 4
232 4
233 4
234 4
235 4
236 4
237 4
238 4
239 4
240 4
241 4
242 4
243 4
244 4
245 4
246 4
247 4
248 4
249 4
250 4
251 4
252 4
253 4
254 4
255 4
256 4
257 4
258 4
259 4
260 4
261 4
262 4
263 4
264 4
265 4
266 4
267 4
268 4
269 4
270 4
271 4
272 4
273 4
274 4
275 4
276 4
277 4
278 4
279 4
280 4
281 4
282 4
283 4
284 4
285 4
286 4
287 4
288 4
289 4
290 4
291 4
292 4
293 4
294 4
295 4
296 4
297 4
298 4
299 4
300 4
301 4
302 4
303 4
304 4
305 4
306 4
307 4
308 4
309 4
310 4
311 4
312 4
313 4
314 4
315 4
316 4
317 4
318 4
319 4
320 4
321 4
322 4
323 4
324 4
325 4
326 4
327 4
328 4
329 4
330 4
331 4
332 4
333 4
334 4
335 4
336 4
337 4
338 4
339 4
340 4
341 4
342 4
343 4
344 4
345 4
346 4
347 4
348 4
349 4
350 4
351 4
352 4
353 4
354 4
355 4
356 4
357 4
358 4
359 4
360 4
361 4
362 4
363 4
364 4
365 4
366 4
367 4
368 4
369 4
370 4
371 4
372 4
373 4
374 4
375 4
376 4
377 4
378 4
379 4
380 4
381 4
382 4
383 4
384 4
385 4
386 4
387 4
388 4
389 4
390 4
391 4
392 4
393 4
394 4
395 4
396 4
397 4
398 4
399 4
400 0
401 0
402 0
403 0
404 0
405 0
406 0
407 0
408 0
409 0
410 0
411 0
412 0
413 0
414 0
415 0
416 0
417 0
418 0
419 0
420 0
421 0
422 0
423 0
424 0
425 0
426 0
427 0
428 0
429 0
430 0
431 0
432 0
433 0
434 0
435 0
436 0
437 0
438 0
439 0
440 0
441 0
442 0
443 0
444 0
445 0
446 0
447 0
448 0
449 0
450 0
451 0
452 0
453 0
454 0
455 0
456 0
457 0
458 0
459 0
460 0
461 0
462 0
463 0
464 0
465 0
466 0
467 0
468 0
469 0
470 0
471 0
472 0
473 0
474 0
475 0
476 0
477 0
478 0
479 0
480 0
481 0
482 0
483 0
484 0
485 0
486 0
487 0
488 0
489 0
490 0
491 0
492 0
493 0
494 0
495 0
496 0
497 0
498 0
499 0
500 0
501 0
502 0
503 0
504 0
505 0
506 0
507 0
508 0
509 0
510 0
511 0
512 0
513 0
514 0
515 0
516 0
517 0
518 0
519 0
520 0
521 0
522 0
523 0
524 0
525 0
526 0
527 0
528 0
529 0
530 0
531 0
532 0
533 0
534 0
535 0
536 0
537 0
538 0
539 0
540 0
541 0
542 0
543 0
544 0
545 0
546 0
547 0
548 0
549 0
550 0
551 0
552 0
553 0
554 0
555 0
556 0
557 0
558 0
559 0
560 0
561 0
562 0
563 0
564 0
565 0
566 0
567 0
568 0
569 0
570 0
571 0
572 0
573 0
574 0
575 0
576 0
577 0
578 0
579 0
580 0
581 0
582 0
583 0
584 0
585 0
586 0
587 0
588 0
589 0
590 0
591 0
592 0
593 0
594 0
595 0
596 0
597 0
598 0
599 0
600 0
601 0
602 0
603 0
604 0
605 0
606 0
607 0
608 0
609 0
610 0
611 0
612 0
613 0
614 0
615 0
616 0
617 0
618 0
619 0
620 0
621 0
622 0
623 0
624 0
625 0
626 0
627 0
628 0
629 0
630 0
631 0
632 0
633 0
634 0
635 0
636 0
637 0
638 0
639 0
640 0
641 0
642 0
643 0
644 0
645 0
646 0
647 0
648 0
649 0
650 0
651 0
652 0
653 0
654 0
655 0
656 0
657 0
658 0
659 0
660 0
661 0
662 0
663 0
664 0
665 0
666 0
667 0
668 0
669 0
670 0
671 0
672 0
673 0
674 0
675 0
676 0
677 0
678 0
679 0
680 0
681 0
682 0
683 0
684 0
685 0
686 0
687 0
688 0
689 0
690 0
691 0
692 0
693 0
694 0
695 0
696 0
697 0
698 0
699 0
700 0
701 0
702 0
703 0
704 0
705 0
706 0
707 0
708 0
709 0
710 0
711 0
712 0
713 0
714 0
715 0
716 0
717 0
718 0
719 0
720 0
721 0
722 0
723 0
724 0
725 0
726 0
727 0
728 0
729 0
730 0
731 0
732 0
733 0
734 0
735 0
736 0
737 0
738 0
739 0
740 0
741 0
742 0
743 0
744 0
745 0
746 0
747 0
748 0
749 0
750 0
751 0
752 0
753 0
754 0
755 0
756 0
757 0
758 0
759 0
760 0
761 0
762 0
763 0
764 0
765 0
766 0
767 0
768 0
769 0
770 0
771 0
772 0
773 0
774 0
775 0
776 0
777 0
778 0
779 0
780 0
781 0
782 0
783 0
784 0
785 0
786 0
787 0
788 0
789 0
790 0
791 0
792 0
793 0
794 0
795 0
796 0
797 0
798 0
799 0
800 0
801 0
802 0
803 0
804 0
805 0
806 0
807 0
808 0
809 0
810 0
811 0
812 0
813 0
814 0
815 0
816 0
817 0
818 0
819 0
820 0
821 0
822 0
823 0
824 0
825 0
826 0
827 0
828 0
829 0
830 0
831 0
832 0
833 0
834 0
835 0
836 0
837 0
838 0
839 0
840 0
841 0
842 0
843 0
844 0
845 0
846 0
847 0
848 0
849 0
850 0
851 0
852 0
853 0
854 0
855 0
856 0
857 0
858 0
859 0
860 0
861 0
862 0
863 0
864 0
865 0
866 0
867 0
868 0
869 0
870 0
871 0
872 0
873 0
874 0
875 0
876 0
877 0
878 0
879 0
880 0
881 0
882 0
883 0
884 0
885 0
886 0
887 0
888 0
889 0
890 0
891 0
892 0
893 0
894 0
895 0
896 0
897 0
898 0
899 0
900 0
901 0
902 0
903 0
904 0
905 0
906 0
907 0
908 0
909 0
910 0
911 0
912 0
913 0
914 0
915 0
916 0
917 0
918 0
919 0
920 0
921 0
922 0
923 0
924 0
925 0
926 0
927 0
928 0
929 0
930 0
931 0
932 0
933 0
934 0
935 0
936 0
937 0
938 0
939 0
940 0
941 0
942 0
943 0
944 0
945 0
946 0
947 0
948 0
949 0
950 0
951 0
952 0
953 0
954 0
955 0
956 0
957 0
958 0
959 0
960 0
961 0
962 0
963 0
964 0
965 0
966 0
967 0
968 0
969 0
970 0
971 0
972 0
973 0
974 0
975 0
976 0
977 0
978 0
979 0
980 0
981 0
982 0
983 0
984 0
985 0
986 0
987 0
988 0
989 0
990 0
991 0
992 0
993 0
994 0
995 0
996 0
997 0
998 0
999 0
1000 0
1001 0
1002 0
1003 0
1004 0
1005 0
1006 0
1007 0
1008 0
1009 0
1010 0
1011 0
1012 0
1013 0
1014 0
1015 0
1016 0
1017 0
1018 0
1019 0
1020 0
1021 0
1022 0
1023 0
1024 0
1025 0
1026 0
1027 0
1028 0
1029 0
1030 0
1031 0
1032 0
1033 0
1034 0
1035 0
1036 0
1037 0
1038 0
1039 0
1040 0
1041 0
1042 0
1043 0
1044 0
1045 0
1046 0
1047 0
1048 0
1049 0
1050 0
1051 0
1052 0
1053 0
1054 0
1055 0
1056 0
1057 0
1058 0
1059 0
1060 0
1061 0
1062 0
1063 0
1064 0
1065 0
1066 0
1067 0
1068 0
1069 0
1070 0
1071 0
1072 0
1073 0
1074 0
1075 0
1076 0
1077 0
1078 0
1079 0
1080 0
1081 0
1082 0
1083 0
1084 0
1085 0
1086 0
1087 0
1088 0
1089 0
1090 0
1091 0
1092 0
1093 0
1094 0
1095 0
1096 0
1097 0
1098 0
1099 0
1100 0
1101 0
1102 0
1103 0
1104 0
1105 0
1106 0
1107 0
1108 0
1109 0
1110 0
1111 0
1112 0
1113 0
1114 0
1115 0
1116 0
1117 0
1118 0
1119 0
1120 0
1121 0
1122 0
1123 0
1124 0
1125 0
1126 0
1127 0
1128 0
1129 0
1130 0
1131 0
1132 0
1133 0
1134 0
1135 0
1136 0
1137 0
1138 0
1139 0
1140 0
1141 0
1142 0
1143 0
1144 0
1145 0
1146 0
1147 0
1148 0
1149 0
1150 0
1151 0
1152 0
1153 0
1154 0
1155 0
1156 0
1157 0
1158 0
1159 0
1160 0
1161 0
1162 0
1163 0
1164 0
1165 0
1166 0
1167 0
1168 0
1169 0
1170 0
1171 0
1172 0
1173 0
1174 0
1175 0
1176 0
1177 0
1178 0
1179 0
1180 0
1181 0
1182 0
1183 0
1184 0
1185 0
1186 0
1187 0
1188 0
1189 0
1190 0
1191 0
1192 0
1193 0
1194 0
1195 0
1196 0
1197 0
1198 0
1199 0
1200 0
1201 0
1202 0
1203 0
1204 0
1205 0
1206 0
1207 0
1208 0
1209 0
1210 0
1211 0
1212 0
1213 0
1214 0
1215 0
1216 0
1217 0
1218 0
1219 0
1220 0
1221 0
1222 0
1223 0
1224 0
1225 0
1226 0
1227 0
1228 0
1229 0
1230 0
1231 0
1232 0
1233 0
1234 0
1235 0
1236 0
1237 0
1238 0
1239 0
1240 0
1241 0
1242 0
1243 0
1244 0
1245 0
1246 0
1247 0
1248 0
1249 0
1250 0
1251 0
1252 0
1253 0
1254 0
1255 0
1256 0
1257 0
1258 0
1259 0
1260 0
1261 0
1262 0
1263 0
1264 0
1265 0
1266 0
1267 0
1268 0
1269 0
1270 0
1271 0
1272 0
1273 0
1274 0
1275 0
1276 0
1277 0
1278 0
1279 0
1280 0
1281 0
1282 0
1283 0
1284 0
1285 0
1286 0
1287 0
1288 0
1289 0
1290 0
1291 0
1292 0
1293 0
1294 0
1295 0
1296 0
1297 0
1298 0
1299 0
1300 0
1301 0
1302 0
1303 0
1304 0
1305 0
1306 0
1307 0
1308 0
1309 0
1310 0
1311 0
1312 0
1313 0
1314 0
1315 0
1316 0
1317 0
1318 0
1319 0
1320 0
1321 0
1322 0
1323 0
1324 0
1325 0
1326 0
1327 0
1328 0
1329 0
1330 0
1331 0
1332 0
1333 0
1334 0
1335 0
1336 0
1337 0
1338 0
1339 0
1340 0
1341 0
1342 0
1343 0
1344 0
1345 0
1346 0
1347 0
1348 0
1349 0
1350 0
1351 0
1352 0
1353 0
1354 0
1355 0
1356 0
1357 0
1358 0
1359 0
1360 0
1361 0
1362 0
1363 0
1364 0
1365 0
1366 0
1367 0
1368 0
1369 0
1370 0
1371 0
1372 0
1373 0
1374 0
1375 0
1376 0
1377 0
1378 0
1379 0
1380 0
1381 0
1382 0
1383 0
1384 0
1385 0
1386 0
1387 0
1388 0
1389 0
1390 0
1391 0
1392 0
1393 0
1394 0
1395 0
1396 0
1397 0
1398 0
1399 0
1400 5
1401 0
1402 5
1403 0
1404 5
1405 0
1406 5
1407 0
1408 5
1409 0
1410 5
1411 0
1412 5
1413 0
1414 5
1415 0
1416 5
1417 0
1418 5
1419 0
1420 5
1421 0
1422 5
1423 0
1424 5
1425 0
1426 5
1427 0
1428 5
1429 0
1430 5
1431 0
1432 5
1433 0
1434 5
1435 0
1436 5
1437 0
1438 5
1439 0
1440 5
1441 0
1442 5
1443 0
1444 5
1445 0
1446 5
1447 0
1448 5
1449 0
1450 5
1451 0
1452 5
1453 0
1454 5
1455 0
1456 5
1457 0
1458 5
1459 0
1460 5
1461 0
1462 5
1463 0
1464 5
1465 0
1466 5
1467 0
1468 5
1469 0
1470 5
1471 0
1472 5
1473 0
1474 5
1475 0
1476 5
1477 0
1478 5
1479 0
1480 5
1481 0
1482 5
1483 0
1484 5
1485 0
1486 5
1487 0
1488 5
1489 0
1490 5
1491 0
1492 5
1493 0
1494 5
1495 0
1496 5
1497 0
1498 5
1499 0
1500 5
1501 0
1502 5
1503 0
1504 5
1505 0
1506 5
1507 0
1508 5
1509 0
1510 5
1511 0
1512 5
1513 0
1514 5
1515 0
1516 5
1517 0
1518 5
1519 0
1520 5
1521 0
1522 5
1523 0
1524 5
1525 0
1526 5
1527 0
1528 5
1529 0
1530 5
1531 0
1532 5
1533 0
1534 5
1535 0
1536 5
1537 0
1538 5
1539 0
1540 5
1541 0
1542 5
1543 0
1544 5
1545 0
1546 5
1547 0
1548 5
1549 0
1550 5
1551 0
1552 5
1553 0
1554 5
1555 0
1556 5
1557 0
1558 5
1559 0
1560 5
1561 0
1562 5
1563 0
1564 5
1565 0
1566 5
1567 0
1568 5
1569 0
1570 5
1571 0
1572 5
1573 0
1574 5
1575 0
1576 5
1577 0
1578 5
1579 0
1580 5
1581 0
1582 5
1583 0
1584 5
1585 0
1586 5
1587 0
1588 5
1589 0
1590 5
1591 0
1592 5
1593 0
1594 5
1595 0
1596 5
1597 0
1598 5
1599 0
1600 5
1601 5
1602 5
1603 5
1604 5
1605 5
1606 5
1607 5
1608 5
1609 5
1610 0
1611 0
1612 0
1613 0
1614 0
1615 0
1616 0
1617 0
1618 0
1619 0
1620 2
1621 2
1622 2
1623 2
1624 2
1625 2
1626 2
1627 2
1628 2
1629 2
1630 5
1631 0
1632 5
1633 0
1634 5
1635 0
1636 5
1637 0
1638 5
1639 0
1640 5
1641 0
1642 5
1643 0
1644 5
1645 0
1646 5
1647 0
1648 5
1649 0
1650 2
1651 5
1652 0
1653 2
1654 5
1655 0
1656 2
1657 5
1658 0
1659 2
1660 5
1661 0
1662 2
1663 5
1664 0
1665 2
1666 5
1667 0
1668 2
1669 5
1670 0
1671 2
1672 5
1673 0
1674 2
1675 5
1676 0
1677 2
1678 5
1679 0
1680 5
1681 5
1682 5
1683 5
1684 5
1685 5
1686 5
1687 5
1688 5
1689 5
1690 5
1691 0
1692 0
1693 5
1694 0
1695 0
1696 5
1697 0
1698 0
1699 5
1700 0
1701 0
1702 5
1703 0
1704 0
1705 5
1706 0
1707 0
1708 5
1709 0
1710 0
1711 5
1712 0
1713 0
1714 5
1715 0
1716 0
1717 5
1718 0
1719 0
1720 2
1721 2
1722 5
1723 0
1724 2
1725 2
1726 5
1727 0
1728 2
1729 2
1730 5
1731 0
1732 2
1733 2
1734 5
1735 0
1736 2
1737 2
1738 5
1739 0
1740 2
1741 2
1742 5
1743 0
1744 2
1745 2
1746 5
1747 0
1748 2
1749 2
1750 5
1751 0
1752 2
1753 2
1754 5
1755 0
1756 2
1757 2
1758 5
1759 0
1760 5
1761 0
1762 5
1763 0
1764 5
1765 0
1766 5
1767 0
1768 5
1769 0
1770 5
1771 0
1772 5
1773 0
1774 5
1775 0
1776 5
1777 0
1778 5
1779 0
1780 5
1781 0
1782 5
1783 0
1784 5
1785 0
1786 5
1787 0
1788 5
1789 0
1790 5
1791 0
1792 5
1793 0
1794 5
1795 0
1796 5
1797 0
1798 5
1799 0
1800 2
1801 2
1802 5
1803 0
1804 5
1805 0
1806 2
1807 2
1808 5
1809 0
1810 5
1811 0
1812 2
1813 2
1814 5
1815 0
1816 5
1817 0
1818 2
1819 2
1820 5
1821 0
1822 5
1823 0
1824 2
1825 2
1826 5
1827 0
1828 5
1829 0
1830 2
1831 2
1832 5
1833 0
1834 5
1835 0
1836 2
1837 2
1838 5
1839 0
1840 5
1841 0
1842 2
1843 2
1844 5
1845 0
1846 5
1847 0
1848 2
1849 2
1850 5
1851 0
1852 5
1853 0
1854 2
1855 2
1856 5
1857 0
1858 5
1859 0
1860 5
1861 5
1862 5
1863 5
1864 5
1865 5
1866 5
1867 5
1868 5
1869 5
1870 5
1871 0
1872 5
1873 0
1874 0
1875 5
1876 0
1877 5
1878 0
1879 0
1880 5
1881 0
1882 5
1883 0
1884 0
1885 5
1886 0
1887 5
1888 0
1889 0
1890 5
1891 0
1892 5
1893 0
1894 0
1895 5
1896 0
1897 5
1898 0
1899 0
1900 5
1901 0
1902 5
1903 0
1904 0
1905 5
1906 0
1907 5
1908 0
1909 0
1910 5
1911 0
1912 5
1913 0
1914 0
1915 5
1916 0
1917 5
1918 0
1919 0
1920 2
1921 2
1922 5
1923 0
1924 2
1925 5
1926 0
1927 2
1928 2
1929 5
1930 0
1931 2
1932 5
1933 0
1934 2
1935 2
1936 5
1937 0
1938 2
1939 5
1940 0
1941 2
1942 2
1943 5
1944 0
1945 2
1946 5
1947 0
1948 2
1949 2
1950 5
1951 0
1952 2
1953 5
1954 0
1955 2
1956 2
1957 5
1958 0
1959 2
1960 5
1961 0
1962 2
1963 2
1964 5
1965 0
1966 2
1967 5
1968 0
1969 2
1970 2
1971 5
1972 0
1973 2
1974 5
1975 0
1976 2
1977 2
1978 5
1979 0
1980 2
1981 5
1982 0
1983 2
1984 2
1985 5
1986 0
1987 2
1988 5
1989 0
1990 5
1991 0
1992 5
1993 0
1994 5
1995 0
1996 5
1997 0
1998 5
1999 0
2000 5
2001 0
2002 5
2003 0
2004 5
2005 0
2006 5
2007 0
2008 5
2009 0
2010 5
2011 0
2012 5
2013 0
2014 5
2015 0
2016 5
2017 0
2018 5
2019 0
2020 5
2021 0
2022 5
2023 0
2024 5
2025 0
2026 5
2027 0
2028 5
2029 0
2030 5
2031 0
2032 5
2033 0
2034 5
2035 0
2036 5
2037 0
2038 5
2039 0
2040 5
2041 0
2042 5
2043 0
2044 5
2045 0
2046 5
2047 0
2048 5
2049 0
2050 2
2051 2
2052 5
2053 0
2054 2
2055 5
2056 0
2057 5
2058 0
2059 2
2060 2
2061 5
2062 0
2063 2
2064 5
2065 0
2066 5
2067 0
2068 2
2069 2
2070 5
2071 0
2072 2
2073 5
2074 0
2075 5
2076 0
2077 2
2078 2
2079 5
2080 0
2081 2
2082 5
2083 0
2084 5
2085 0
2086 2
2087 2
2088 5
2089 0
2090 2
2091 5
2092 0
2093 5
2094 0
2095 2
2096 2
2097 5
2098 0
2099 2
2100 5
2101 0
2102 5
2103 0
2104 2
2105 2
2106 5
2107 0
2108 2
2109 5
2110 0
2111 5
2112 0
2113 2
2114 2
2115 5
2116 0
2117 2
2118 5
2119 0
2120 5
2121 0
2122 2
2123 2
2124 5
2125 0
2126 2
2127 5
2128 0
2129 5
2130 0
2131 2
2132 2
2133 5
2134 0
2135 2
2136 5
2137 0
2138 5
2139 0
2140 5
2141 5
2142 5
2143 5
2144 5
2145 5
2146 5
2147 5
2148 5
2149 5
2150 5
2151 0
2152 5
2153 0
2154 5
2155 0
2156 0
2157 5
2158 0
2159 5
2160 0
2161 5
2162 0
2163 0
2164 5
2165 0
2166 5
2167 0
2168 5
2169 0
2170 0
2171 5
2172 0
2173 5
2174 0
2175 5
2176 0
2177 0
2178 5
2179 0
2180 5
2181 0
2182 5
2183 0
2184 0
2185 5
2186 0
2187 5
2188 0
2189 5
2190 0
2191 0
2192 5
2193 0
2194 5
2195 0
2196 5
2197 0
2198 0
2199 5
2200 0
2201 5
2202 0
2203 5
2204 0
2205 0
2206 5
2207 0
2208 5
2209 0
2210 5
2211 0
2212 0
2213 5
2214 0
2215 5
2216 0
2217 5
2218 0
2219 0
2220 2
2221 2
2222 5
2223 0
2224 2
2225 5
2226 0
2227 2
2228 5
2229 0
2230 2
2231 2
2232 5
2233 0
2234 2
2235 5
2236 0
2237 2
2238 5
2239 0
2240 2
2241 2
2242 5
2243 0
2244 2
2245 5
2246 0
2247 2
2248 5
2249 0
2250 2
2251 2
2252 5
2253 0
2254 2
2255 5
2256 0
2257 2
2258 5
2259 0
2260 2
2261 2
2262 5
2263 0
2264 2
2265 5
2266 0
2267 2
2268 5
2269 0
2270 2
2271 2
2272 5
2273 0
2274 2
2275 5
2276 0
2277 2
2278 5
2279 0
2280 2
2281 2
2282 5
2283 0
2284 2
2285 5
2286 0
2287 2
2288 5
2289 0
2290 2
2291 2
2292 5
2293 0
2294 2
2295 5
2296 0
2297 2
2298 5
2299 0
2300 2
2301 2
2302 5
2303 0
2304 2
2305 5
2306 0
2307 2
2308 5
2309 0
2310 2
2311 2
2312 5
2313 0
2314 2
2315 5
2316 0
2317 2
2318 5
2319 0
2320 5
2321 0
2322 5
2323 0
2324 5
2325 0
2326 5
2327 0
2328 5
2329 0
2330 5
2331 0
2332 5
2333 0
2334 5
2335 0
2336 5
2337 0
2338 5
2339 0
2340 5
2341 0
2342 5
2343 0
2344 5
2345 0
2346 5
2347 0
2348 5
2349 0
2350 5
2351 0
2352 5
2353 0
2354 5
2355 0
2356 5
2357 0
2358 5
2359 0
2360 5
2361 0
2362 5
2363 0
2364 5
2365 0
2366 5
2367 0
2368 5
2369 0
2370 5
2371 0
2372 5
2373 0
2374 5
2375 0
2376 5
2377 0
2378 5
2379 0
2380 5
2381 0
2382 5
2383 0
2384 5
2385 0
2386 5
2387 0
2388 5
2389 0
2390 5
2391 0
2392 5
2393 0
2394 5
2395 0
2396 5
2397 0
2398 5
2399 0
2400 2
2401 2
2402 5
2403 0
2404 2
2405 5
2406 0
2407 2
2408 5
2409 0
2410 5
2411 0
2412 2
2413 2
2414 5
2415 0
2416 2
2417 5
2418 0
2419 2
2420 5
2421 0
2422 5
2423 0
2424 2
2425 2
2426 5
2427 0
2428 2
2429 5
2430 0
2431 2
2432 5
2433 0
2434 5
2435 0
2436 2
2437 2
2438 5
2439 0
2440 2
2441 5
2442 0
2443 2
2444 5
2445 0
2446 5
2447 0
2448 2
2449 2
2450 5
2451 0
2452 2
2453 5
2454 0
2455 2
2456 5
2457 0
2458 5
2459 0
2460 2
2461 2
2462 5
2463 0
2464 2
2465 5
2466 0
2467 2
2468 5
2469 0
2470 5
2471 0
2472 2
2473 2
2474 5
2475 0
2476 2
2477 5
2478 0
2479 2
2480 5
2481 0
2482 5
2483 0
2484 2
2485 2
2486 5
2487 0
2488 2
2489 5
2490 0
2491 2
2492 5
2493 0
2494 5
2495 0
2496 2
2497 2
2498 5
2499 0
2500 2
2501 5
2502 0
2503 2
2504 5
2505 0
2506 5
2507 0
2508 2
2509 2
2510 5
2511 0
2512 2
2513 5
2514 0
2515 2
2516 5
2517 0
2518 5
2519 0
2520 5
2521 5
2522 5
2523 5
2524 5
2525 5
2526 5
2527 5
2528 5
2529 5
2530 5
2531 0
2532 5
2533 0
2534 5
2535 0
2536 5
2537 0
2538 0
2539 5
2540 0
2541 5
2542 0
2543 5
2544 0
2545 5
2546 0
2547 0
2548 5
2549 0
2550 5
2551 0
2552 5
2553 0
2554 5
2555 0
2556 0
2557 5
2558 0
2559 5
2560 0
2561 5
2562 0
2563 5
2564 0
2565 0
2566 5
2567 0
2568 5
2569 0
2570 5
2571 0
2572 5
2573 0
2574 0
2575 5
2576 0
2577 5
2578 0
2579 5
2580 0
2581 5
2582 0
2583 0
2584 5
2585 0
2586 5
2587 0
2588 5
2589 0
2590 5
2591 0
2592 0
2593 5
2594 0
2595 5
2596 0
2597 5
2598 0
2599 5
2600 0
2601 0
2602 5
2603 0
2604 5
2605 0
2606 5
2607 0
2608 5
2609 0
2610 0
2611 5
2612 0
2613 5
2614 0
2615 5
2616 0
2617 5
2618 0
2619 0
2620 2
2621 2
2622 5
2623 0
2624 2
2625 5
2626 0
2627 2
2628 5
2629 0
2630 2
2631 5
2632 0
2633 2
2634 2
2635 5
2636 0
2637 2
2638 5
2639 0
2640 2
2641 5
2642 0
2643 2
2644 5
2645 0
2646 2
2647 2
2648 5
2649 0
2650 2
2651 5
2652 0
2653 2
2654 5
2655 0
2656 2
2657 5
2658 0
2659 2
2660 2
2661 5
2662 0
2663 2
2664 5
2665 0
2666 2
2667 5
2668 0
2669 2
2670 5
2671 0
2672 2
2673 2
2674 5
2675 0
2676 2
2677 5
2678 0
2679 2
2680 5
2681 0
2682 2
2683 5
2684 0
2685 2
2686 2
2687 5
2688 0
2689 2
2690 5
2691 0
2692 2
2693 5
2694 0
2695 2
2696 5
2697 0
2698 2
2699 2
2700 5
2701 0
2702 2
2703 5
2704 0
2705 2
2706 5
2707 0
2708 2
2709 5
2710 0
2711 2
2712 2
2713 5
2714 0
2715 2
2716 5
2717 0
2718 2
2719 5
2720 0
2721 2
2722 5
2723 0
2724 2
2725 2
2726 5
2727 0
2728 2
2729 5
2730 0
2731 2
2732 5
2733 0
2734 2
2735 5
2736 0
2737 2
2738 2
2739 5
2740 0
2741 2
2742 5
2743 0
2744 2
2745 5
2746 0
2747 2
2748 5
2749 0
2750 5
2751 0
2752 5
2753 0
2754 5
2755 0
2756 5
2757 0
2758 5
2759 0
2760 5
2761 0
2762 5
2763 0
2764 5
2765 0
2766 5
2767 0
2768 5
2769 0
2770 5
2771 0
2772 5
2773 0
2774 5
2775 0
2776 5
2777 0
2778 5
2779 0
2780 5
2781 0
2782 5
2783 0
2784 5
2785 0
2786 5
2787 0
2788 5
2789 0
2790 5
2791 0
2792 5
2793 0
2794 5
2795 0
2796 5
2797 0
2798 5
2799 0
2800 5
2801 0
2802 5
2803 0
2804 5
2805 0
2806 5
2807 0
2808 5
2809 0
2810 5
2811 0
2812 5
2813 0
2814 5
2815 0
2816 5
2817 0
2818 5
2819 0
2820 5
2821 0
2822 5
2823 0
2824 5
2825 0
2826 5
2827 0
2828 5
2829 0
2830 5
2831 0
2832 5
2833 0
2834 5
2835 0
2836 5
2837 0
2838 5
2839 0
2840 5
2841 0
2842 5
2843 0
2844 5
2845 0
2846 5
2847 0
2848 5
2849 0
2850 2
2851 2
2852 5
2853 0
2854 2
2855 5
2856 0
2857 2
2858 5
2859 0
2860 2
2861 5
2862 0
2863 5
2864 0
2865 2
2866 2
2867 5
2868 0
2869 2
2870 5
2871 0
2872 2
2873 5
2874 0
2875 2
2876 5
2877 0
2878 5
2879 0
2880 2
2881 2
2882 5
2883 0
2884 2
2885 5
2886 0
2887 2
2888 5
2889 0
2890 2
2891 5
2892 0
2893 5
2894 0
2895 2
2896 2
2897 5
2898 0
2899 2
2900 5
2901 0
2902 2
2903 5
2904 0
2905 2
2906 5
2907 0
2908 5
2909 0
2910 2
2911 2
2912 5
2913 0
2914 2
2915 5
2916 0
2917 2
2918 5
2919 0
2920 2
2921 5
2922 0
2923 5
2924 0
2925 2
2926 2
2927 5
2928 0
2929 2
2930 5
2931 0
2932 2
2933 5
2934 0
2935 2
2936 5
2937 0
2938 5
2939 0
2940 2
2941 2
2942 5
2943 0
2944 2
2945 5
2946 0
2947 2
2948 5
2949 0
2950 2
2951 5
2952 0
2953 5
2954 0
2955 2
2956 2
2957 5
2958 0
2959 2
2960 5
2961 0
2962 2
2963 5
2964 0
2965 2
2966 5
2967 0
2968 5
2969 0
2970 2
2971 2
2972 5
2973 0
2974 2
2975 5
2976 0
2977 2
2978 5
2979 0
2980 2
2981 5
2982 0
2983 5
2984 0
2985 2
2986 2
2987 5
2988 0
2989 2
2990 5
2991 0
2992 2
2993 5
2994 0
2995 2
2996 5
2997 0
2998 5
2999 0
3000 5
3001 5
3002 5
3003 5
3004 5
3005 5
3006 5
3007 5
3008 5
3009 5
3010 5
3011 0
3012 5
3013 0
3014 5
3015 0
3016 5
3017 0
3018 5
3019 0
3020 0
3021 5
3022 0
3023 5
3024 0
3025 5
3026 0
3027 5
3028 0
3029 5
3030 0
3031 0
3032 5
3033 0
3034 5
3035 0
3036 5
3037 0
3038 5
3039 0
3040 5
3041 0
3042 0
3043 5
3044 0
3045 5
3046 0
3047 5
3048 0
3049 5
3050 0
3051 5
3052 0
3053 0
3054 5
3055 0
3056 5
3057 0
3058 5
3059 0
3060 5
3061 0
3062 5
3063 0
3064 0
3065 5
3066 0
3067 5
3068 0
3069 5
3070 0
3071 5
3072 0
3073 5
3074 0
3075 0
3076 5
3077 0
3078 5
3079 0
3080 5
3081 0
3082 5
3083 0
3084 5
3085 0
3086 0
3087 5
3088 0
3089 5
3090 0
3091 5
3092 0
3093 5
3094 0
3095 5
3096 0
3097 0
3098 5
3099 0
3100 5
3101 0
3102 5
3103 0
3104 5
3105 0
3106 5
3107 0
3108 0
3109 5
3110 0
3111 5
3112 0
3113 5
3114 0
3115 5
3116 0
3117 5
3118 0
3119 0
3120 2
3121 2
3122 5
3123 0
3124 2
3125 5
3126 0
3127 2
3128 5
3129 0
3130 2
3131 5
3132 0
3133 2
3134 2
3135 5
3136 0
3137 2
3138 5
3139 0
3140 2
3141 5
3142 0
3143 2
3144 5
3145 0
3146 2
3147 2
3148 5
3149 0
3150 2
3151 5
3152 0
3153 2
3154 5
3155 0
3156 2
3157 5
3158 0
3159 2
3160 2
3161 5
3162 0
3163 2
3164 5
3165 0
3166 2
3167 5
3168 0
3169 2
3170 5
3171 0
3172 2
3173 2
3174 5
3175 0
3176 2
3177 5
3178 0
3179 2
3180 5
3181 0
3182 2
3183 5
3184 0
3185 2
3186 2
3187 5
3188 0
3189 2
3190 5
3191 0
3192 2
3193 5
3194 0
3195 2
3196 5
3197 0
3198 2
3199 2
3200 5
3201 0
3202 2
3203 5
3204 0
3205 2
3206 5
3207 0
3208 2
3209 5
3210 0
3211 2
3212 2
3213 5
3214 0
3215 2
3216 5
3217 0
3218 2
3219 5
3220 0
3221 2
3222 5
3223 0
3224 2
3225 2
3226 5
3227 0
3228 2
3229 5
3230 0
3231 2
3232 5
3233 0
3234 2
3235 5
3236 0
3237 2
3238 2
3239 5
3240 0
3241 2
3242 5
3243 0
3244 2
3245 5
3246 0
3247 2
3248 5
3249 0
3250 5
3251 0
3252 5
3253 0
3254 5
3255 0
3256 5
3257 0
3258 5
3259 0
3260 5
3261 0
3262 5
3263 0
3264 5
3265 0
3266 5
3267 0
3268 5
3269 0
3270 5
3271 0
3272 5
3273 0
3274 5
3275 0
3276 5
3277 0
3278 5
3279 0
3280 5
3281 0
3282 5
3283 0
3284 5
3285 0
3286 5
3287 0
3288 5
3289 0
3290 5
3291 0
3292 5
3293 0
3294 5
3295 0
3296 5
3297 0
3298 5
3299 0
3300 5
3301 0
3302 5
3303 0
3304 5
3305 0
3306 5
3307 0
3308 5
3309 0
3310 5
3311 0
3312 5
3313 0
3314 5
3315 0
3316 5
3317 0
3318 5
3319 0
3320 5
3321 0
3322 5
3323 0
3324 5
3325 0
3326 5
3327 0
3328 5
3329 0
3330 5
3331 0
3332 5
3333 0
3334 5
3335 0
3336 5
3337 0
3338 5
3339 0
3340 5
3341 0
3342 5
3343 0
3344 5
3345 0
3346 5
3347 0
3348 5
3349 0
3350 2
3351 2
3352 5
3353 0
3354 2
3355 5
3356 0
3357 2
3358 5
3359 0
3360 2
3361 5
3362 0
3363 5
3364 0
3365 2
3366 2
3367 5
3368 0
3369 2
3370 5
3371 0
3372 2
3373 5
3374 0
3375 2
3376 5
3377 0
3378 5
3379 0
3380 2
3381 2
3382 5
3383 0
3384 2
3385 5
3386 0
3387 2
3388 5
3389 0
3390 2
3391 5
3392 0
3393 5
3394 0
3395 2
3396 2
3397 5
3398 0
3399 2
3400 5
3401 0
3402 2
3403 5
3404 0
3405 2
3406 5
3407 0
3408 5
3409 0
3410 2
3411 2
3412 5
3413 0
3414 2
3415 5
3416 0
3417 2
3418 5
3419 0
3420 2
3421 5
3422 0
3423 5
3424 0
3425 2
3426 2
3427 5
3428 0
3429 2
3430 5
3431 0
3432 2
3433 5
3434 0
3435 2
3436 5
3437 0
3438 5
3439 0
3440 2
3441 2
3442 5
3443 0
3444 2
3445 5
3446 0
3447 2
3448 5
3449 0
3450 2
3451 5
3452 0
3453 5
3454 0
3455 2
3456 2
3457 5
3458 0
3459 2
3460 5
3461 0
3462 2
3463 5
3464 0
3465 2
3466 5
3467 0
3468 5
3469 0
3470 2
3471 2
3472 5
3473 0
3474 2
3475 5
3476 0
3477 2
3478 5
3479 0
3480 2
3481 5
3482 0
3483 5
3484 0
3485 2
3486 2
3487 5
3488 0
3489 2
3490 5
3491 0
3492 2
3493 5
3494 0
3495 2
3496 5
3497 0
3498 5
3499 0
3500 5
3501 5
3502 5
3503 5
3504 5
3505 5
3506 5
3507 5
3508 5
3509 5
3510 5
3511 0
3512 5
3513 0
3514 5
3515 0
3516 5
3517 0
3518 5
3519 0
3520 0
3521 5
3522 0
3523 5
3524 0
3525 5
3526 0
3527 5
3528 0
3529 5
3530 0
3531 0
3532 5
3533 0
3534 5
3535 0
3536 5
3537 0
3538 5
3539 0
3540 5
3541 0
3542 0
3543 5
3544 0
3545 5
3546 0
3547 5
3548 0
3549 5
3550 0
3551 5
3552 0
3553 0
3554 5
3555 0
3556 5
3557 0
3558 5
3559 0
3560 5
3561 0
3562 5
3563 0
3564 0
3565 5
3566 0
3567 5
3568 0
3569 5
3570 0
3571 5
3572 0
3573 5
3574 0
3575 0
3576 5
3577 0
3578 5
3579 0
3580 5
3581 0
3582 5
3583 0
3584 5
3585 0
3586 0
3587 5
3588 0
3589 5
3590 0
3591 5
3592 0
3593 5
3594 0
3595 5
3596 0
3597 0
3598 5
3599 0
3600 5
3601 0
3602 5
3603 0
3604 5
3605 0
3606 5
3607 0
3608 0
3609 5
3610 0
3611 5
3612 0
3613 5
3614 0
3615 5
3616 0
3617 5
3618 0
3619 0
3620 2
3621 2
3622 5
3623 0
3624 2
3625 5
3626 0
3627 2
3628 5
3629 0
3630 2
3631 5
3632 0
3633 2
3634 2
3635 5
3636 0
3637 2
3638 5
3639 0
3640 2
3641 5
3642 0
3643 2
3644 5
3645 0
3646 2
3647 2
3648 5
3649 0
3650 2
3651 5
3652 0
3653 2
3654 5
3655 0
3656 2
3657 5
3658 0
3659 2
3660 2
3661 5
3662 0
3663 2
3664 5
3665 0
3666 2
3667 5
3668 0
3669 2
3670 5
3671 0
3672 2
3673 2
3674 5
3675 0
3676 2
3677 5
3678 0
3679 2
3680 5
3681 0
3682 2
3683 5
3684 0
3685 2
3686 2
3687 5
3688 0
3689 2
3690 5
3691 0
3692 2
3693 5
3694 0
3695 2
3696 5
3697 0
3698 2
3699 2
3700 5
3701 0
3702 2
3703 5
3704 0
3705 2
3706 5
3707 0
3708 2
3709 5
3710 0
3711 2
3712 2
3713 5
3714 0
3715 2
3716 5
3717 0
3718 2
3719 5
3720 0
3721 2
3722 5
3723 0
3724 2
3725 2
3726 5
3727 0
3728 2
3729 5
3730 0
3731 2
3732 5
3733 0
3734 2
3735 5
3736 0
3737 2
3738 2
3739 5
3740 0
3741 2
3742 5
3743 0
3744 2
3745 5
3746 0
3747 2
3748 5
3749 0
3750 5
3751 0
3752 5
3753 0
3754 5
3755 0
3756 5
3757 0
3758 5
3759 0
3760 5
3761 0
3762 5
3763 0
3764 5
3765 0
3766 5
3767 0
3768 5
3769 0
3770 5
3771 0
3772 5
3773 0
3774 5
3775 0
3776 5
3777 0
3778 5
3779 0
3780 5
3781 0
3782 5
3783 0
3784 5
3785 0
3786 5
3787 0
3788 5
3789 0
3790 5
3791 0
3792 5
3793 0
3794 5
3795 0
3796 5
3797 0
3798 5
3799 0
3800 5
3801 0
3802 5
3803 0
3804 5
3805 0
3806 5
3807 0
3808 5
3809 0
3810 5
3811 0
3812 5
3813 0
3814 5
3815 0
3816 5
3817 0
3818 5
3819 0
3820 5
3821 0
3822 5
3823 0
3824 5
3825 0
3826 5
3827 0
3828 5
3829 0
3830 5
3831 0
3832 5
3833 0
3834 5
3835 0
3836 5
3837 0
3838 5
3839 0
3840 5
3841 0
3842 5
3843 0
3844 5
3845 0
3846 5
3847 0
3848 5
3849 0
3850 2
3851 2
3852 5
3853 0
3854 2
3855 5
3856 0
3857 2
3858 5
3859 0
3860 2
3861 5
3862 0
3863 5
3864 0
3865 2
3866 2
3867 5
3868 0
3869 2
3870 5
3871 0
3872 2
3873 5
3874 0
3875 2
3876 5
3877 0
3878 5
3879 0
3880 2
3881 2
3882 5
3883 0
3884 2
3885 5
3886 0
3887 2
3888 5
3889 0
3890 2
3891 5
3892 0
3893 5
3894 0
3895 2
3896 2
3897 5
3898 0
3899 2
3900 5
3901 0
3902 2
3903 5
3904 0
3905 2
3906 5
3907 0
3908 5
3909 0
3910 2
3911 2
3912 5
3913 0
3914 2
3915 5
3916 0
3917 2
3918 5
3919 0
3920 2
3921 5
3922 0
3923 5
3924 0
3925 2
3926 2
3927 5
3928 0
3929 2
3930 5
3931 0
3932 2
3933 5
3934 0
3935 2
3936 5
3937 0
3938 5
3939 0
3940 2
3941 2
3942 5
3943 0
3944 2
3945 5
3946 0
3947 2
3948 5
3949 0
3950 2
3951 5
3952 0
3953 5
3954 0
3955 2
3956 2
3957 5
3958 0
3959 2
3960 5
3961 0
3962 2
3963 5
3964 0
3965 2
3966 5
3967 0
3968 5
3969 0
3970 2
3971 2
3972 5
3973 0
3974 2
3975 5
3976 0
3977 2
3978 5
3979 0
3980 2
3981 5
3982 0
3983 5
3984 0
3985 2
3986 2
3987 5
3988 0
3989 2
3990 5
3991 0
3992 2
3993 5
3994 0
3995 2
3996 5
3997 0
3998 5
3999 0
4000 5
4001 5
4002 5
4003 5
4004 5
4005 5
4006 5
4007 5
4008 5
4009 5
4010 5
4011 0
4012 5
4013 0
4014 5
4015 0
4016 5
4017 0
4018 5
4019 0
4020 0
4021 5
4022 0
4023 5
4024 0
4025 5
4026 0
4027 5
4028 0
4029 5
4030 0
4031 0
4032 5
4033 0
4034 5
4035 0
4036 5
4037 0
4038 5
4039 0
4040 5
4041 0
4042 0
4043 5
4044 0
4045 5
4046 0
4047 5
4048 0
4049 5
4050 0
4051 5
4052 0
4053 0
4054 5
4055 0
4056 5
4057 0
4058 5
4059 0
4060 5
4061 0
4062 5
4063 0
4064 0
4065 5
4066 0
4067 5
4068 0
4069 5
4070 0
4071 5
4072 0
4073 5
4074 0
4075 0
4076 5
4077 0
4078 5
4079 0
4080 5
4081 0
4082 5
4083 0
4084 5
4085 0
4086 0
4087 5
4088 0
4089 5
4090 0
4091 5
4092 0
4093 5
4094 0
4095 5
4096 0
4097 0
4098 5
4099 0
4100 5
4101 0
4102 5
4103 0
4104 5
4105 0
4106 5
4107 0
4108 0
4109 5
4110 0
4111 5
4112 0
4113 5
4114 0
4115 5
4116 0
4117 5
4118 0
4119 0
4120 2
4121 2
4122 5
4123 0
4124 2
4125 5
4126 0
4127 2
4128 5
4129 0
4130 2
4131 5
4132 0
4133 2
4134 2
4135 5
4136 0
4137 2
4138 5
4139 0
4140 2
4141 5
4142 0
4143 2
4144 5
4145 0
4146 2
4147 2
4148 5
4149 0
4150 2
4151 5
4152 0
4153 2
4154 5
4155 0
4156 2
4157 5
4158 0
4159 2
4160 2
4161 5
4162 0
4163 2
4164 5
4165 0
4166 2
4167 5
4168 0
4169 2
4170 5
4171 0
4172 2
4173 2
4174 5
4175 0
4176 2
4177 5
4178 0
4179 2
4180 5
4181 0
4182 2
4183 5
4184 0
4185 2
4186 2
4187 5
4188 0
4189 2
4190 5
4191 0
4192 2
4193 5
4194 0
4195 2
4196 5
4197 0
4198 2
4199 2
4200 5
4201 0
4202 2
4203 5
4204 0
4205 2
4206 5
4207 0
4208 2
4209 5
4210 0
4211 2
4212 2
4213 5
4214 0
4215 2
4216 5
4217 0
4218 2
4219 5
4220 0
4221 2
4222 5
4223 0
4224 2
4225 2
4226 5
4227 0
4228 2
4229 5
4230 0
4231 2
4232 5
4233 0
4234 2
4235 5
4236 0
4237 2
4238 2
4239 5
4240 0
4241 2
4242 5
4243 0
4244 2
4245 5
4246 0
4247 2
4248 5
4249 0
4250 5
4251 0
4252 5
4253 0
4254 5
4255 0
4256 5
4257 0
4258 5
4259 0
4260 5
4261 0
4262 5
4263 0
4264 5
4265 0
4266 5
4267 0
4268 5
4269 0
4270 5
4271 0
4272 5
4273 0
4274 5
4275 0
4276 5
4277 0
4278 5
4279 0
4280 5
4281 0
4282 5
4283 0
4284 5
4285 0
4286 5
4287 0
4288 5
4289 0
4290 5
4291 0
4292 5
4293 0
4294 5
4295 0
4296 5
4297 0
4298 5
4299 0
4300 5
4301 0
4302 5
4303 0
4304 5
4305 0
4306 5
4307 0
4308 5
4309 0
4310 5
4311 0
4312 5
4313 0
4314 5
4315 0
4316 5
4317 0
4318 5
4319 0
4320 5
4321 0
4322 5
4323 0
4324 5
4325 0
4326 5
4327 0
4328 5
4329 0
4330 5
4331 0
4332 5
4333 0
4334 5
4335 0
4336 5
4337 0
4338 5
4339 0
4340 5
4341 0
4342 5
4343 0
4344 5
4345 0
4346 5
4347 0
4348 5
4349 0
4350 2
4351 2
4352 5
4353 0
4354 2
4355 5
4356 0
4357 2
4358 5
4359 0
4360 2
4361 5
4362 0
4363 5
4364 0
4365 2
4366 2
4367 5
4368 0
4369 2
4370 5
4371 0
4372 2
4373 5
4374 0
4375 2
4376 5
4377 0
4378 5
4379 0
4380 2
4381 2
4382 5
4383 0
4384 2
4385 5
4386 0
4387 2
4388 5
4389 0
4390 2
4391 5
4392 0
4393 5
4394 0
4395 2
4396 2
4397 5
4398 0
4399 2
4400 5
4401 0
4402 2
4403 5
4404 0
4405 2
4406 5
4407 0
4408 5
4409 0
4410 2
4411 2
4412 5
4413 0
4414 2
4415 5
4416 0
4417 2
4418 5
4419 0
4420 2
4421 5
4422 0
4423 5
4424 0
4425 2
4426 2
4427 5
4428 0
4429 2
4430 5
4431 0
4432 2
4433 5
4434 0
4435 2
4436 5
4437 0
4438 5
4439 0
4440 2
4441 2
4442 5
4443 0
4444 2
4445 5
4446 0
4447 2
4448 5
4449 0
4450 2
4451 5
4452 0
4453 5
4454 0
4455 2
4456 2
4457 5
4458 0
4459 2
4460 5
4461 0
4462 2
4463 5
4464 0
4465 2
4466 5
4467 0
4468 5
4469 0
4470 2
4471 2
4472 5
4473 0
4474 2
4475 5
4476 0
4477 2
4478 5
4479 0
4480 2
4481 5
4482 0
4483 5
4484 0
4485 2
4486 2
4487 5
4488 0
4489 2
4490 5
4491 0
4492 2
4493 5
4494 0
4495 2
4496 5
4497 0
4498 5
4499 0
4500 5
4501 5
4502 5
4503 5
4504 5
4505 5
4506 5
4507 5
4508 5
4509 5
4510 5
4511 0
4512 5
4513 0
4514 5
4515 0
4516 5
4517 0
4518 5
4519 0
4520 0
4521 5
4522 0
4523 5
4524 0
4525 5
4526 0
4527 5
4528 0
4529 5
4530 0
4531 0
4532 5
4533 0
4534 5
4535 0
4536 5
4537 0
4538 5
4539 0
4540 5
4541 0
4542 0
4543 5
4544 0
4545 5
4546 0
4547 5
4548 0
4549 5
4550 0
4551 5
4552 0
4553 0
4554 5
4555 0
4556 5
4557 0
4558 5
4559 0
4560 5
4561 0
4562 5
4563 0
4564 0
4565 5
4566 0
4567 5
4568 0
4569 5
4570 0
4571 5
4572 0
4573 5
4574 0
4575 0
4576 5
4577 0
4578 5
4579 0
4580 5
4581 0
4582 5
4583 0
4584 5
4585 0
4586 0
4587 5
4588 0
4589 5
4590 0
4591 5
4592 0
4593 5
4594 0
4595 5
4596 0
4597 0
4598 5
4599 0
4600 5
4601 0
4602 5
4603 0
4604 5
4605 0
4606 5
4607 0
4608 0
4609 5
4610 0
4611 5
4612 0
4613 5
4614 0
4615 5
4616 0
4617 5
4618 0
4619 0
4620 2
4621 2
4622 5
4623 0
4624 2
4625 5
4626 0
4627 2
4628 5
4629 0
4630 2
4631 5
4632 0
4633 2
4634 2
4635 5
4636 0
4637 2
4638 5
4639 0
4640 2
4641 5
4642 0
4643 2
4644 5
4645 0
4646 2
4647 2
4648 5
4649 0
4650 2
4651 5
4652 0
4653 2
4654 5
4655 0
4656 2
4657 5
4658 0
4659 2
4660 2
4661 5
4662 0
4663 2
4664 5
4665 0
4666 2
4667 5
4668 0
4669 2
4670 5
4671 0
4672 2
4673 2
4674 5
4675 0
4676 2
4677 5
4678 0
4679 2
4680 5
4681 0
4682 2
4683 5
4684 0
4685 2
4686 2
4687 5
4688 0
4689 2
4690 5
4691 0
4692 2
4693 5
4694 0
4695 2
4696 5
4697 0
4698 2
4699 2
4700 5
4701 0
4702 2
4703 5
4704 0
4705 2
4706 5
4707 0
4708 2
4709 5
4710 0
4711 2
4712 2
4713 5
4714 0
4715 2
4716 5
4717 0
4718 2
4719 5
4720 0
4721 2
4722 5
4723 0
4724 2
4725 2
4726 5
4727 0
4728 2
4729 5
4730 0
4731 2
4732 5
4733 0
4734 2
4735 5
4736 0
4737 2
4738 2
4739 5
4740 0
4741 2
4742 5
4743 0
4744 2
4745 5
4746 0
4747 2
4748 5
4749 0
4750 5
4751 0
4752 5
4753 0
4754 5
4755 0
4756 5
4757 0
4758 5
4759 0
4760 5
4761 0
4762 5
4763 0
4764 5
4765 0
4766 5
4767 0
4768 5
4769 0
4770 5
4771 0
4772 5
4773 0
4774 5
4775 0
4776 5
4777 0
4778 5
4779 0
4780 5
4781 0
4782 5
4783 0
4784 5
4785 0
4786 5
4787 0
4788 5
4789 0
4790 5
4791 0
4792 5
4793 0
4794 5
4795 0
4796 5
4797 0
4798 5
4799 0
4800 5
4801 0
4802 5
4803 0
4804 5
4805 0
4806 5
4807 0
4808 5
4809 0
4810 5
4811 0
4812 5
4813 0
4814 5
4815 0
4816 5
4817 0
4818 5
4819 0
4820 5
4821 0
4822 5
4823 0
4824 5
4825 0
4826 5
4827 0
4828 5
4829 0
4830 5
4831 0
4832 5
4833 0
4834 5
4835 0
4836 5
4837 0
4838 5
4839 0
4840 5
4841 0
4842 5
4843 0
4844 5
4845 0
4846 5
4847 0
4848 5
4849 0
4850 2
4851 2
4852 5
4853 0
4854 2
4855 5
4856 0
4857 2
4858 5
4859 0
4860 2
4861 5
4862 0
4863 5
4864 0
4865 2
4866 2
4867 5
4868 0
4869 2
4870 5
4871 0
4872 2
4873 5
4874 0
4875 2
4876 5
4877 0
4878 5
4879 0
4880 2
4881 2
4882 5
4883 0
4884 2
4885 5
4886 0
4887 2
4888 5
4889 0
4890 2
4891 5
4892 0
4893 5
4894 0
4895 2
4896 2
4897 5
4898 0
4899 2
4900 5
4901 0
4902 2
4903 5
4904 0
4905 2
4906 5
4907 0
4908 5
4909 0
4910 2
4911 2
4912 5
4913 0
4914 2
4915 5
4916 0
4917 2
4918 5
4919 0
4920 2
4921 5
4922 0
4923 5
4924 0
4925 2
4926 2
4927 5
4928 0
4929 2
4930 5
4931 0
4932 2
4933 5
4934 0
4935 2
4936 5
4937 0
4938 5
4939 0
4940 2
4941 2
4942 5
4943 0
4944 2
4945 5
4946 0
4947 2
4948 5
4949 0
4950 2
4951 5
4952 0
4953 5
4954 0
4955 2
4956 2
4957 5
4958 0
4959 2
4960 5
4961 0
4962 2
4963 5
4964 0
4965 2
4966 5
4967 0
4968 5
4969 0
4970 2
4971 2
4972 5
4973 0
4974 2
4975 5
4976 0
4977 2
4978 5
4979 0
4980 2
4981 5
4982 0
4983 5
4984 0
4985 2
4986 2
4987 5
4988 0
4989 2
4990 5
4991 0
4992 2
4993 5
4994 0
4995 2
4996 5
4997 0
4998 5
4999 0
5000 5
5001 5
5002 5
5003 5
5004 5
5005 5
5006 5
5007 5
5008 5
5009 5
5010 5
5011 0
5012 5
5013 0
5014 5
5015 0
5016 5
5017 0
5018 5
5019 0
5020 0
5021 5
5022 0
5023 5
5024 0
5025 5
5026 0
5027 5
5028 0
5029 5
5030 0
5031 0
5032 5
5033 0
5034 5
5035 0
5036 5
5037 0
5038 5
5039 0
5040 5
5041 0
5042 0
5043 5
5044 0
5045 5
5046 0
5047 5
5048 0
5049 5
5050 0
5051 5
5052 0
5053 0
5054 5
5055 0
5056 5
5057 0
5058 5
5059 0
5060 5
5061 0
5062 5
5063 0
5064 0
5065 5
5066 0
5067 5
5068 0
5069 5
5070 0
5071 5
5072 0
5073 5
5074 0
5075 0
5076 5
5077 0
5078 5
5079 0
5080 5
5081 0
5082 5
5083 0
5084 5
5085 0
5086 0
5087 5
5088 0
5089 5
5090 0
5091 5
5092 0
5093 5
5094 0
5095 5
5096 0
5097 0
5098 5
5099 0
5100 5
5101 0
5102 5
5103 0
5104 5
5105 0
5106 5
5107 0
5108 0
5109 5
5110 0
5111 5
5112 0
5113 5
5114 0
5115 5
5116 0
5117 5
5118 0
5119 0
5120 2
5121 2
5122 5
5123 0
5124 2
5125 5
5126 0
5127 2
5128 5
5129 0
5130 2
5131 5
5132 0
5133 2
5134 2
5135 5
5136 0
5137 2
5138 5
5139 0
5140 2
5141 5
5142 0
5143 2
5144 5
5145 0
5146 2
5147 2
5148 5
5149 0
5150 2
5151 5
5152 0
5153 2
5154 5
5155 0
5156 2
5157 5
5158 0
5159 2
5160 2
5161 5
5162 0
5163 2
5164 5
5165 0
5166 2
5167 5
5168 0
5169 2
5170 5
5171 0
5172 2
5173 2
5174 5
5175 0
5176 2
5177 5
5178 0
5179 2
5180 5
5181 0
5182 2
5183 5
5184 0
5185 2
5186 2
5187 5
5188 0
5189 2
5190 5
5191 0
5192 2
5193 5
5194 0
5195 2
5196 5
5197 0
5198 2
5199 2
5200 5
5201 0
5202 2
5203 5
5204 0
5205 2
5206 5
5207 0
5208 2
5209 5
5210 0
5211 2
5212 2
5213 5
5214 0
5215 2
5216 5
5217 0
5218 2
5219 5
5220 0
5221 2
5222 5
5223 0
5224 2
5225 2
5226 5
5227 0
5228 2
5229 5
5230 0
5231 2
5232 5
5233 0
5234 2
5235 5
5236 0
5237 2
5238 2
5239 5
5240 0
5241 2
5242 5
5243 0
5244 2
5245 5
5246 0
5247 2
5248 5
5249 0
5250 5
5251 5
5252 5
5253 5
5254 5
5255 5
5256 5
5257 5
5258 5
5259 5
5260 5
5261 0
5262 5
5263 0
5264 5
5265 0
5266 5
5267 0
5268 0
5269 5
5270 0
5271 5
5272 0
5273 5
5274 0
5275 5
5276 0
5277 0
5278 5
5279 0
5280 5
5281 0
5282 5
5283 0
5284 5
5285 0
5286 0
5287 5
5288 0
5289 5
5290 0
5291 5
5292 0
5293 5
5294 0
5295 0
5296 5
5297 0
5298 5
5299 0
5300 5
5301 0
5302 5
5303 0
5304 0
5305 5
5306 0
5307 5
5308 0
5309 5
5310 0
5311 5
5312 0
5313 0
5314 5
5315 0
5316 5
5317 0
5318 5
5319 0
5320 5
5321 0
5322 0
5323 5
5324 0
5325 5
5326 0
5327 5
5328 0
5329 5
5330 0
5331 0
5332 5
5333 0
5334 5
5335 0
5336 5
5337 0
5338 5
5339 0
5340 0
5341 5
5342 0
5343 5
5344 0
5345 5
5346 0
5347 5
5348 0
5349 0
5350 2
5351 2
5352 5
5353 0
5354 2
5355 5
5356 0
5357 2
5358 5
5359 0
5360 2
5361 5
5362 0
5363 2
5364 2
5365 5
5366 0
5367 2
5368 5
5369 0
5370 2
5371 5
5372 0
5373 2
5374 5
5375 0
5376 2
5377 2
5378 5
5379 0
5380 2
5381 5
5382 0
5383 2
5384 5
5385 0
5386 2
5387 5
5388 0
5389 2
5390 2
5391 5
5392 0
5393 2
5394 5
5395 0
5396 2
5397 5
5398 0
5399 2
5400 5
5401 0
5402 2
5403 2
5404 5
5405 0
5406 2
5407 5
5408 0
5409 2
5410 5
5411 0
5412 2
5413 5
5414 0
5415 2
5416 2
5417 5
5418 0
5419 2
5420 5
5421 0
5422 2
5423 5
5424 0
5425 2
5426 5
5427 0
5428 2
5429 2
5430 5
5431 0
5432 2
5433 5
5434 0
5435 2
5436 5
5437 0
5438 2
5439 5
5440 0
5441 2
5442 2
5443 5
5444 0
5445 2
5446 5
5447 0
5448 2
5449 5
5450 0
5451 2
5452 5
5453 0
5454 2
5455 2
5456 5
5457 0
5458 2
5459 5
5460 0
5461 2
5462 5
5463 0
5464 2
5465 5
5466 0
5467 2
5468 2
5469 5
5470 0
5471 2
5472 5
5473 0
5474 2
5475 5
5476 0
5477 2
5478 5
5479 0
5480 5
5481 5
5482 5
5483 5
5484 5
5485 5
5486 5
5487 5
5488 5
5489 5
5490 5
5491 0
5492 5
5493 0
5494 5
5495 0
5496 5
5497 0
5498 0
5499 5
5500 0
5501 5
5502 0
5503 5
5504 0
5505 5
5506 0
5507 0
5508 5
5509 0
5510 5
5511 0
5512 5
5513 0
5514 5
5515 0
5516 0
5517 5
5518 0
5519 5
5520 0
5521 5
5522 0
5523 5
5524 0
5525 0
5526 5
5527 0
5528 5
5529 0
5530 5
5531 0
5532 5
5533 0
5534 0
5535 5
5536 0
5537 5
5538 0
5539 5
5540 0
5541 5
5542 0
5543 0
5544 5
5545 0
5546 5
5547 0
5548 5
5549 0
5550 5
5551 0
5552 0
5553 5
5554 0
5555 5
5556 0
5557 5
5558 0
5559 5
5560 0
5561 0
5562 5
5563 0
5564 5
5565 0
5566 5
5567 0
5568 5
5569 0
5570 0
5571 5
5572 0
5573 5
5574 0
5575 5
5576 0
5577 5
5578 0
5579 0
5580 2
5581 2
5582 5
5583 0
5584 2
5585 5
5586 0
5587 2
5588 5
5589 0
5590 2
5591 2
5592 5
5593 0
5594 2
5595 5
5596 0
5597 2
5598 5
5599 0
5600 2
5601 2
5602 5
5603 0
5604 2
5605 5
5606 0
5607 2
5608 5
5609 0
5610 2
5611 2
5612 5
5613 0
5614 2
5615 5
5616 0
5617 2
5618 5
5619 0
5620 2
5621 2
5622 5
5623 0
5624 2
5625 5
5626 0
5627 2
5628 5
5629 0
5630 2
5631 2
5632 5
5633 0
5634 2
5635 5
5636 0
5637 2
5638 5
5639 0
5640 2
5641 2
5642 5
5643 0
5644 2
5645 5
5646 0
5647 2
5648 5
5649 0
5650 2
5651 2
5652 5
5653 0
5654 2
5655 5
5656 0
5657 2
5658 5
5659 0
5660 2
5661 2
5662 5
5663 0
5664 2
5665 5
5666 0
5667 2
5668 5
5669 0
5670 2
5671 2
5672 5
5673 0
5674 2
5675 5
5676 0
5677 2
5678 5
5679 0
5680 5
5681 5
5682 5
5683 5
5684 5
5685 5
5686 5
5687 5
5688 5
5689 5
5690 5
5691 0
5692 5
5693 0
5694 5
5695 0
5696 0
5697 5
5698 0
5699 5
5700 0
5701 5
5702 0
5703 0
5704 5
5705 0
5706 5
5707 0
5708 5
5709 0
5710 0
5711 5
5712 0
5713 5
5714 0
5715 5
5716 0
5717 0
5718 5
5719 0
5720 5
5721 0
5722 5
5723 0
5724 0
5725 5
5726 0
5727 5
5728 0
5729 5
5730 0
5731 0
5732 5
5733 0
5734 5
5735 0
5736 5
5737 0
5738 0
5739 5
5740 0
5741 5
5742 0
5743 5
5744 0
5745 0
5746 5
5747 0
5748 5
5749 0
5750 5
5751 0
5752 0
5753 5
5754 0
5755 5
5756 0
5757 5
5758 0
5759 0
5760 2
5761 2
5762 5
5763 0
5764 2
5765 5
5766 0
5767 2
5768 5
5769 0
5770 2
5771 2
5772 5
5773 0
5774 2
5775 5
5776 0
5777 2
5778 5
5779 0
5780 2
5781 2
5782 5
5783 0
5784 2
5785 5
5786 0
5787 2
5788 5
5789 0
5790 2
5791 2
5792 5
5793 0
5794 2
5795 5
5796 0
5797 2
5798 5
5799 0
5800 2
5801 2
5802 5
5803 0
5804 2
5805 5
5806 0
5807 2
5808 5
5809 0
5810 2
5811 2
5812 5
5813 0
5814 2
5815 5
5816 0
5817 2
5818 5
5819 0
5820 2
5821 2
5822 5
5823 0
5824 2
5825 5
5826 0
5827 2
5828 5
5829 0
5830 2
5831 2
5832 5
5833 0
5834 2
5835 5
5836 0
5837 2
5838 5
5839 0
5840 2
5841 2
5842 5
5843 0
5844 2
5845 5
5846 0
5847 2
5848 5
5849 0
5850 2
5851 2
5852 5
5853 0
5854 2
5855 5
5856 0
5857 2
5858 5
5859 0
5860 5
5861 5
5862 5
5863 5
5864 5
5865 5
5866 5
5867 5
5868 5
5869 5
5870 5
5871 0
5872 5
5873 0
5874 5
5875 0
5876 0
5877 5
5878 0
5879 5
5880 0
5881 5
5882 0
5883 0
5884 5
5885 0
5886 5
5887 0
5888 5
5889 0
5890 0
5891 5
5892 0
5893 5
5894 0
5895 5
5896 0
5897 0
5898 5
5899 0
5900 5
5901 0
5902 5
5903 0
5904 0
5905 5
5906 0
5907 5
5908 0
5909 5
5910 0
5911 0
5912 5
5913 0
5914 5
5915 0
5916 5
5917 0
5918 0
5919 5
5920 0
5921 5
5922 0
5923 5
5924 0
5925 0
5926 5
5927 0
5928 5
5929 0
5930 5
5931 0
5932 0
5933 5
5934 0
5935 5
5936 0
5937 5
5938 0
5939 0
5940 2
5941 2
5942 5
5943 0
5944 2
5945 5
5946 0
5947 2
5948 2
5949 5
5950 0
5951 2
5952 5
5953 0
5954 2
5955 2
5956 5
5957 0
5958 2
5959 5
5960 0
5961 2
5962 2
5963 5
5964 0
5965 2
5966 5
5967 0
5968 2
5969 2
5970 5
5971 0
5972 2
5973 5
5974 0
5975 2
5976 2
5977 5
5978 0
5979 2
5980 5
5981 0
5982 2
5983 2
5984 5
5985 0
5986 2
5987 5
5988 0
5989 2
5990 2
5991 5
5992 0
5993 2
5994 5
5995 0
5996 2
5997 2
5998 5
5999 0
6000 2
6001 5
6002 0
6003 2
6004 2
6005 5
6006 0
6007 2
6008 5
6009 0
6010 5
6011 5
6012 5
6013 5
6014 5
6015 5
6016 5
6017 5
6018 5
6019 5
6020 5
6021 0
6022 5
6023 0
6024 0
6025 5
6026 0
6027 5
6028 0
6029 0
6030 5
6031 0
6032 5
6033 0
6034 0
6035 5
6036 0
6037 5
6038 0
6039 0
6040 5
6041 0
6042 5
6043 0
6044 0
6045 5
6046 0
6047 5
6048 0
6049 0
6050 5
6051 0
6052 5
6053 0
6054 0
6055 5
6056 0
6057 5
6058 0
6059 0
6060 5
6061 0
6062 5
6063 0
6064 0
6065 5
6066 0
6067 5
6068 0
6069 0
6070 2
6071 2
6072 5
6073 0
6074 2
6075 5
6076 0
6077 2
6078 2
6079 5
6080 0
6081 2
6082 5
6083 0
6084 2
6085 2
6086 5
6087 0
6088 2
6089 5
6090 0
6091 2
6092 2
6093 5
6094 0
6095 2
6096 5
6097 0
6098 2
6099 2
6100 5
6101 0
6102 2
6103 5
6104 0
6105 2
6106 2
6107 5
6108 0
6109 2
6110 5
6111 0
6112 2
6113 2
6114 5
6115 0
6116 2
6117 5
6118 0
6119 2
6120 2
6121 5
6122 0
6123 2
6124 5
6125 0
6126 2
6127 2
6128 5
6129 0
6130 2
6131 5
6132 0
6133 2
6134 2
6135 5
6136 0
6137 2
6138 5
6139 0
6140 5
6141 5
6142 5
6143 5
6144 5
6145 5
6146 5
6147 5
6148 5
6149 5
6150 5
6151 0
6152 5
6153 0
6154 0
6155 5
6156 0
6157 5
6158 0
6159 0
6160 5
6161 0
6162 5
6163 0
6164 0
6165 5
6166 0
6167 5
6168 0
6169 0
6170 5
6171 0
6172 5
6173 0
6174 0
6175 5
6176 0
6177 5
6178 0
6179 0
6180 5
6181 0
6182 5
6183 0
6184 0
6185 5
6186 0
6187 5
6188 0
6189 0
6190 5
6191 0
6192 5
6193 0
6194 0
6195 5
6196 0
6197 5
6198 0
6199 0
6200 2
6201 2
6202 5
6203 0
6204 2
6205 2
6206 5
6207 0
6208 2
6209 2
6210 5
6211 0
6212 2
6213 2
6214 5
6215 0
6216 2
6217 2
6218 5
6219 0
6220 2
6221 2
6222 5
6223 0
6224 2
6225 2
6226 5
6227 0
6228 2
6229 2
6230 5
6231 0
6232 2
6233 2
6234 5
6235 0
6236 2
6237 2
6238 5
6239 0
6240 5
6241 5
6242 5
6243 5
6244 5
6245 5
6246 5
6247 5
6248 5
6249 5
6250 5
6251 0
6252 0
6253 5
6254 0
6255 0
6256 5
6257 0
6258 0
6259 5
6260 0
6261 0
6262 5
6263 0
6264 0
6265 5
6266 0
6267 0
6268 5
6269 0
6270 0
6271 5
6272 0
6273 0
6274 5
6275 0
6276 0
6277 5
6278 0
6279 0
6280 2
6281 2
6282 5
6283 0
6284 2
6285 2
6286 5
6287 0
6288 2
6289 2
6290 5
6291 0
6292 2
6293 2
6294 5
6295 0
6296 2
6297 2
6298 5
6299 0
6300 2
6301 2
6302 5
6303 0
6304 2
6305 2
6306 5
6307 0
6308 2
6309 2
6310 5
6311 0
6312 2
6313 2
6314 5
6315 0
6316 2
6317 2
6318 5
6319 0
6320 5
6321 5
6322 5
6323 5
6324 5
6325 5
6326 5
6327 5
6328 5
6329 5
6330 0
6331 5
6332 0
6333 0
6334 5
6335 0
6336 0
6337 5
6338 0
6339 0
6340 5
6341 0
6342 0
6343 5
6344 0
6345 0
6346 5
6347 0
6348 0
6349 5
6350 0
6351 0
6352 5
6353 0
6354 0
6355 5
6356 0
6357 0
6358 5
6359 0
6360 2
6361 2
6362 2
6363 2
6364 2
6365 2
6366 2
6367 2
6368 2
6369 2
6370 5
6371 5
6372 5
6373 5
6374 5
6375 5
6376 5
6377 5
6378 5
6379 5
6380 0
6381 0
6382 0
6383 0
6384 0
6385 0
6386 0
6387 0
6388 0
6389 0
6390 2
6391 2
6392 2
6393 2
6394 2
6395 2
6396 2
6397 2
6398 2
6399 2
6400 20
6401 20
6402 20
6403 20
6404 20
6405 20
6406 20
6407 20
6408 20
6409 20
6410 20
6411 20
6412 20
6413 20
6414 20
6415 20
6416 20
6417 20
6418 20
6419 20
6420 20
6421 20
6422 20
6423 20
6424 20
6425 20
6426 20
6427 20
6428 20
6429 20
6430 20
6431 20
6432 20
6433 20
6434 20
6435 20
6436 20
6437 20
6438 20
6439 20
6440 20
6441 20
6442 20
6443 20
6444 20
6445 20
6446 20
6447 20
6448 20
6449 20
6450 20
6451 20
6452 20
6453 20
6454 20
6455 20
6456 20
6457 20
6458 20
6459 20
6460 20
6461 20
6462 20
6463 20
6464 20
6465 20
6466 20
6467 20
6468 20
6469 20
6470 20
6471 20
6472 20
6473 20
6474 20
6475 20
6476 20
6477 20
6478 20
6479 20
6480 20
6481 20
6482 20
6483 20
6484 20
6485 20
6486 20
6487 20
6488 20
6489 20
6490 20
6491 20
6492 20
6493 20
6494 20
6495 20
6496 20
6497 20
6498 20
6499 20
6500 20
6501 20
6502 20
6503 20
6504 20
6505 20
6506 20
6507 20
6508 20
6509 20
6510 20
6511 20
6512 20
6513 20
6514 20
6515 20
6516 20
6517 20
6518 20
6519 20
6520 20
6521 20
6522 20
6523 20
6524 20
6525 20
6526 20
6527 20
6528 20
6529 20
6530 20
6531 20
6532 20
6533 20
6534 20
6535 20
6536 20
6537 20
6538 20
6539 20
6540 20
6541 20
6542 20
6543 20
6544 20
6545 20
6546 20
6547 20
6548 20
6549 20
6550 20
6551 20
6552 20
6553 20
6554 20
6555 20
6556 20
6557 20
6558 20
6559 20
6560 20
6561 20
6562 20
6563 20
6564 20
6565 20
6566 20
6567 20
6568 20
6569 20
6570 20
6571 20
6572 20
6573 20
6574 20
6575 20
6576 20
6577 20
6578 20
6579 20
6580 20
6581 20
6582 20
6583 20
6584 20
6585 20
6586 20
6587 20
6588 20
6589 20
6590 20
6591 20
6592 20
6593 20
6594 20
6595 20
6596 20
6597 20
6598 20
6599 20
